1 00049U 60009  A 60225.95315552  .00000000 +00000-0 +00000-0 0  9998
2 00049 047.2769 254.6565 0082136 003.7422 356.2889 12.17003718000079
1 00049U 60009  A 60229.48360825 -.00002899 +00000-0 +00000-0 0  9992
2 00049 047.1999 243.9819 0110000 023.2549 336.9968 12.17175609000505
1 00049U 60009  A 60235.64065932  .00001599 +00000-0 +00000-0 0  9993
2 00049 047.0999 224.9559 0106999 041.2419 319.1675 12.17246456001252
1 00049U 60009  A 60241.79653931  .00000000 +00000-0 +00000-0 0  9994
2 00049 047.1999 206.0309 0121000 053.7359 306.8307 12.17410925002001
1 00049U 60009  A 60250.00268936  .00009599 +00000-0 +00000-0 0  9997
2 00049 047.2099 180.4369 0170999 070.1809 290.7541 12.17618178003000
1 00049U 60009  A 60255.90939902  .00000000 +00000-0 +00000-0 0  9997
2 00049 047.1799 162.3519 0192000 090.7739 270.3453 12.17883243003721
1 00049U 60009  A 60258.20491027  .00022181 +00000-0 +00000-0 0  9998
2 00049 047.1799 155.2644 0189316 097.6065 263.4888 12.18383112004003
1 00049U 60009  A 60265.58521999  .00027164 +00000-0 +00000-0 0  9995
2 00049 047.1900 132.4200 0256000 124.1700 237.0739 12.18908841004902
1 00049U 60009  A 60279.51610947  .00030183 +00000-0 +00000-0 0  9990
2 00049 047.1999 089.2505 0398039 165.6256 194.9621 12.19884625006606
1 00049U 60009  A 60285.24988556  .00028186 +00000-0 +00000-0 0  9991
2 00049 047.1999 071.4078 0396497 182.8029 177.3042 12.20178254007305
1 00049U 60009  A 60292.61927032  .00036808 +00000-0 +00000-0 0  9992
2 00049 047.1999 048.4620 0417687 204.8929 156.0791 12.20747730008207
1 00049U 60009  A 60299.16685104  .00036791 +00000-0 +00000-0 0  9991
2 00049 047.2569 028.0190 0436881 233.4392 128.5120 12.21233978009000
1 00049U 60009  A 60310.61859131  .00036869 +00000-0 +00000-0 0  9994
2 00049 047.2569 352.2891 0552352 278.5030 084.5863 12.22100526010405
1 00049U 60009  A 60319.60999298  .00047465 +00000-0 +00000-0 0  9995
2 00049 047.2569 324.1961 0547809 305.4746 057.0782 12.22982047011509
1 00049U 60009  A 60327.77678679  .00068571 +00000-0 +00000-0 0  9990
2 00049 047.2569 298.5759 0541637 330.0722 031.4860 12.24180207012503
1 00049U 60009  A 60330.22691999  .00068605 +00000-0 +00000-0 0  9992
2 00049 047.2600 290.5800 0710000 348.0900 012.7651 12.24131664012803
1 00049U 60009  A 60335.12421798  .00047038 +00000-0 +00000-0 0  9991
2 00049 047.2599 275.1492 0722674 003.0499 357.1665 12.24591595013408
1 00049U 60009  A 60341.64985274  .00066961 +00000-0 +00000-0 0  9995
2 00049 047.2599 254.5362 0717983 024.8374 336.8662 12.25520405014208
1 00049U 60009  A 60348.17016982  .00090908 +00000-0 +00000-0 0  9999
2 00049 047.2599 233.8938 0711793 044.6529 318.1928 12.26746752015005
1 00049U 60009  A 60353.87141037  .00054720 +00000-0 +00000-0 0  9994
2 00049 047.2599 215.8027 0708946 062.0195 301.5726 12.27310388015705
1 00049U 60009  A 61004.14667906  .00043497 +00000-0 +00000-0 0  9995
2 00049 047.2599 163.5823 0744125 123.7650 239.9224 12.28558478017702
1 00049U 60009  A 61014.31030988  .00043645 +00000-0 +00000-0 0  9994
2 00049 047.2599 131.1899 0741000 158.1899 203.4752 12.29207607018958
1 00049U 60009  A 61017.96874189 -.00005213 +00000-0 +00000-0 0  9997
2 00049 047.2599 119.5237 0741160 169.3889 191.4384 12.29175881019400
1 00049U 60009  A 61022.84651995  .00000424 +00000-0 +00000-0 0  9996
2 00049 047.2599 104.2739 0692137 190.6194 170.0761 12.29108921020004
1 00049U 60009  A 61030.97587514  .00000424 +00000-0 +00000-0 0  9994
2 00049 047.2599 078.3928 0691352 219.0723 143.3203 12.29264412021000
1 00049U 60009  A 61036.66603327  .00000424 +00000-0 +00000-0 0  9997
2 00049 047.2600 060.2769 0690000 236.4627 126.7185 12.29202663021702
1 00049U 60009  A 61047.23374510 -.00004881 +00000-0 +00000-0 0  9993
2 00049 047.2599 026.6263 0637907 279.0663 084.5002 12.29106719023003
1 00049U 60009  A 61071.62319088  .00013210 +00000-0 +00000-0 0  9997
2 00049 047.2599 309.0880 0636892 008.3523 352.1706 12.29137135026000
1 00049U 60009  A 61074.87510681 -.00015579 +00000-0 +00000-0 0  9990
2 00049 047.2599 298.7487 0636472 020.2578 340.9901 12.29050279026403
1 00049U 60009  A 61078.93967151 -.00011500 +00000-0 +00000-0 0  9999
2 00049 047.2599 285.8300 0535183 035.1358 326.6216 12.29134714026904
1 00049U 60009  A 61083.00393866  .00003439 +00000-0 +00000-0 0  9990
2 00049 047.2599 272.9099 0533731 050.0137 312.3306 12.29246404027402
1 00049U 60009  A 61087.88096905  .00003440 +00000-0 +00000-0 0  9996
2 00049 047.2599 257.4377 0532774 067.8689 294.9803 12.29261842028000
1 00049U 60009  A 61095.19623374  .00003440 +00000-0 +00000-0 0  9995
2 00049 047.2599 234.2299 0531636 094.6513 268.4457 12.29312398028909
1 00049U 60009  A 61099.26055241 -.00007434 +00000-0 +00000-0 0  9997
2 00049 047.2599 221.3360 0456499 106.5300 256.0390 12.29286966029401
1 00049U 60009  A 61106.57646274  .00000743 +00000-0 +00000-0 0  9997
2 00049 047.2599 198.5960 0354665 130.2910 231.3050 12.29281518030303
1 00049U 60009  A 61109.82820224  .00000742 +00000-0 +00000-0 0  9996
2 00049 047.2599 188.2814 0354725 140.8527 220.4716 12.29210848030705
1 00049U 60009  A 61115.51857470  .00000743 +00000-0 +00000-0 0  9993
2 00049 047.2599 170.2313 0354267 159.3353 201.4061 12.29239146031405
1 00049U 60009  A 61120.39570140  .00013746 +00000-0 +00000-0 0  9998
2 00049 047.2599 154.7608 0353186 175.1764 184.9998 12.29386705032005
1 00049U 60009  A 61126.08532618  .00013752 +00000-0 +00000-0 0  9995
2 00049 047.2599 136.7109 0352281 207.1700 153.7221 12.29560160032701
1 00049U 60009  A 61130.96193695  .00004457 +00000-0 +00000-0 0  9997
2 00049 047.2599 121.2404 0352378 221.9724 139.3377 12.29541691033302
1 00049U 60009  A 61136.65109633  .00004458 +00000-0 +00000-0 0  9999
2 00049 047.2599 103.1944 0263538 248.7976 112.5793 12.29593054034008
1 00049U 60009  A 61143.15274239  .00009391 +00000-0 +00000-0 0  9998
2 00049 047.2599 082.6487 0179999 264.6106 096.3974 12.29487629034808
1 00049U 60009  A 61150.46747017  .00009394 +00000-0 +00000-0 0  9992
2 00049 047.2599 059.5341 0179289 286.6718 074.2975 12.29625391035701
1 00049U 60009  A 61157.78190993 -.00002284 +00000-0 +00000-0 0  9991
2 00049 047.2599 036.1197 0179707 308.7329 052.0607 12.29550904036603
1 00049U 60009  A 61166.72186800  .00000000 +00000-0 +00000-0 0  9990
2 00049 047.1900 007.9501 0060236 332.7581 027.3974 12.29652115037707
1 00049U 60009  A 61177.28659720  .00010320 +00000-0 +00000-0 0  9995
2 00049 047.1982 334.8019 0046000 357.6120 002.3988 12.29706237039009
1 00049U 60009  A 61187.03703570  .00010327 +00000-0 +00000-0 0  9999
2 00049 047.1982 304.0200 0044510 027.5455 332.5742 12.29975080040202
1 00049U 60009  A 61199.14079840  .00034134 +00000-0 +00000-0 0  9992
2 00049 047.2270 265.7544 0044358 288.5290 071.7078 12.30257374041692
1 00049U 60009  A 61212.21426579  .00018740 +00000-0 +00000-0 0  9996
2 00049 047.2000 224.0831 0229404 312.1492 048.8155 12.30854922043308
1 00049U 60009  A 61214.65068480  .00004712 +00000-0 +00000-0 0  9993
2 00049 047.2300 216.4850 0280242 332.5688 028.1670 12.30745611043607
1 00049U 60009  A 61221.95800569  .00004713 +00000-0 +00000-0 0  9997
2 00049 047.2300 193.3261 0279798 354.8318 005.3120 12.30829669044500
1 00049U 60009  A 61229.26416709  .00004715 +00000-0 +00000-0 0  9990
2 00049 047.2300 170.1672 0278836 017.0950 343.3764 12.31012214045401
1 00049U 60009  A 61236.56828399  .00004720 +00000-0 +00000-0 0  9999
2 00049 047.2300 147.0071 0276954 039.3593 321.6537 12.31369128046302
1 00049U 60009  A 61242.24759460  .00019099 +00000-0 +00000-0 0  9998
2 00049 047.2300 128.9874 0274696 056.6820 304.6460 12.31797394047001
1 00049U 60009  A 61245.49263879  .00027435 +00000-0 +00000-0 0  9995
2 00049 047.2200 118.5269 0438720 095.7399 266.8112 12.32024555047408
1 00049U 60009  A 61250.35855119  .00031041 +00000-0 +00000-0 0  9998
2 00049 047.2200 103.0270 0436969 110.6473 251.7559 12.32362478048006
1 00049U 60009  A 61257.65521230  .00031075 +00000-0 +00000-0 0  9999
2 00049 047.2200 079.7664 0434620 133.0190 228.8624 12.32816064048901
1 00049U 60009  A 61262.51810999  .00031101 +00000-0 +00000-0 0  9993
2 00049 047.2200 064.2539 0432856 147.9385 213.4269 12.33156702049509
1 00049U 60009  A 61271.43099259  .00022183 +00000-0 +00000-0 0  9992
2 00049 047.2200 035.7980 0430936 175.3069 184.9032 12.33527345050601
1 00049U 60009  A 61278.72027777  .00026082 +00000-0 +00000-0 0  9999
2 00049 047.2750 012.6649 0551300 213.8529 147.8390 12.33754628051506
1 00049U 60009  A 61279.52954619  .00026105 +00000-0 +00000-0 0  9998
2 00049 047.2750 010.0826 0549458 216.8408 144.9758 12.34115204051604
1 00049U 60009  A 61288.43435140  .00034885 +00000-0 +00000-0 0  9995
2 00049 047.2480 341.5671 0563796 251.1534 111.8254 12.34744108052704
1 00049U 60009  A 61296.52566319  .00034931 +00000-0 +00000-0 0  9999
2 00049 047.2480 315.6012 0561036 276.0934 087.0581 12.35285045053709
1 00049U 60009  A 61302.99642000  .00025528 +00000-0 +00000-0 0  9992
2 00049 047.2480 294.8186 0559214 296.0548 066.8096 12.35642322054507
1 00049U 60009  A 61311.89020690  .00025558 +00000-0 +00000-0 0  9999
2 00049 047.2500 266.0762 0677452 331.8904 029.9629 12.36171967055607
1 00049U 60009  A 61318.35593138  .00025588 +00000-0 +00000-0 0  9992
2 00049 047.2800 245.9685 0675016 351.9218 008.6309 12.36657474056405
1 00049U 60009  A 61324.81871129  .00037079 +00000-0 +00000-0 0  9997
2 00049 047.2280 224.2199 0709527 022.1285 339.3808 12.37247031057205
1 00049U 60009  A 61332.08569990  .00043813 +00000-0 +00000-0 0  9998
2 00049 047.3017 200.6509 0731300 048.5871 314.5364 12.37949609058106
1 00049U 60009  A 61338.54187589  .00043873 +00000-0 +00000-0 0  9991
2 00049 047.3017 179.7371 0728469 068.6230 295.2821 12.38516073058900
1 00049U 60009  A 61344.99568350  .00024693 +00000-0 +00000-0 0  9995
2 00049 047.2773 158.7120 0768033 095.4048 269.0731 12.38937662059702
1 00049U 60009  A 61352.25371810  .00024718 +00000-0 +00000-0 0  9994
2 00049 047.2773 134.6254 0765993 118.0278 245.9915 12.39347748060601
1 00049U 60009  A 61360.31691910 -.00004683 +00000-0 +00000-0 0  9996
2 00049 047.2773 108.4019 0766274 143.1799 219.5869 12.39291386061601
1 00049U 60009  A 62001.76730672 -.00008184 +00000-0 +00000-0 0  9997
2 00049 047.3101 087.9418 0686777 169.6811 191.0623 12.39241235062407
1 00049U 60009  A 62008.21891985 -.00011452 +00000-0 +00000-0 0  9991
2 00049 047.2601 067.0972 0642058 193.1243 167.6726 12.39037212063200
1 00049U 60009  A 62017.09118117 -.00008680 +00000-0 +00000-0 0  9995
2 00049 047.2948 038.3334 0613545 225.3695 137.0395 12.38875155064305
1 00049U 60009  A 62025.15853869 -.00012763 +00000-0 +00000-0 0  9998
2 00049 047.2791 012.3842 0573873 256.3697 106.7510 12.38621780065308
1 00049U 60009  A 62031.61367656 -.00012755 +00000-0 +00000-0 0  9991
2 00049 047.2791 351.5386 0575073 276.3620 086.8674 12.38386053066100
1 00049U 60009  A 62042.83136820 -.00009350 +00000-0 +00000-0 0  9991
2 00049 047.2417 315.2386 0513333 322.4623 034.0278 12.37993293067496
1 00049U 60009  A 62052.19394421 -.00005427 +00000-0 +00000-0 0  9995
2 00049 047.1862 284.9166 0485593 356.8458 002.8421 12.37911389068658
1 00049U 60009  A 62055.82581019  .00003749 +00000-0 +00000-0 0  9993
2 00049 047.2210 273.2645 0456768 014.1546 347.2169 12.38007759069107
1 00049U 60009  A 62059.29603099  .00017038 +00000-0 +00000-0 0  9997
2 00049 047.2530 262.1807 0444526 027.4871 334.7843 12.38138655069533
1 00049U 60009  A 62063.81531524 -.00007712 +00000-0 +00000-0 0  9992
2 00049 047.2496 247.6198 0431388 043.5476 319.7652 12.38065716070098
1 00049U 60009  A 62067.20398664  .00014839 +00000-0 +00000-0 0  9992
2 00049 047.2261 236.6151 0412052 056.9204 306.8547 12.38307392070515
1 00049U 60009  A 62076.80656600 -.00003571 +00000-0 +00000-0 0  9997
2 00049 047.2879 205.8124 0374995 088.5002 275.7887 12.38138796071701
1 00049U 60009  A 62084.79589389 -.00005081 +00000-0 +00000-0 0  9991
2 00049 047.2086 180.1483 0320295 116.9973 246.2798 12.37996110072695
1 00049U 60009  A 62095.36795734 -.00002973 +00000-0 +00000-0 0  9996
2 00049 047.2018 146.1652 0259994 152.7788 208.5679 12.37938361074009
1 00049U 60009  A 62107.87732432  .00002688 +00000-0 +00000-0 0  9994
2 00049 047.2641 105.9384 0155585 204.8841 154.3092 12.37976047075557
1 00049U 60009  A 62131.59986207  .00002055 +00000-0 +00000-0 0  9999
2 00049 047.2139 029.8331 0012548 324.2060 035.6814 12.38313266078494
1 00049U 60009  A 62163.53831358  .00019754 +00000-0 +00000-0 0  9998
2 00049 047.1932 287.0488 0188287 222.2479 136.2490 12.39350790082453
1 00049U 60009  A 62174.66011329  .00027561 +00000-0 +00000-0 0  9997
2 00049 047.2110 251.1612 0292629 260.3414 096.3269 12.39927495083836
1 00049U 60009  A 62182.63604282  .00024181 +00000-0 +00000-0 0  9994
2 00049 047.1946 225.3499 0328495 287.1814 069.2150 12.40307450084823
1 00049U 60009  A 62190.12757536  .00011069 +00000-0 +00000-0 0  9999
2 00049 047.2555 201.0794 0383111 311.5991 045.1808 12.40413285085753
1 00049U 60009  A 62196.49085402  .00009937 +00000-0 +00000-0 0  9992
2 00049 047.2686 180.4933 0410176 333.8757 024.1108 12.40529421086540
1 00049U 60009  A 62207.36343378  .00011203 +00000-0 +00000-0 0  9999
2 00049 047.2848 145.1872 0436783 013.3762 347.7457 12.40770752087893
1 00049U 60009  A 62218.23303890  .00014698 +00000-0 +00000-0 0  9993
2 00049 047.2760 110.0751 0444503 055.8031 308.3305 12.41139000089244
1 00049U 60009  A 62226.12096165  .00018783 +00000-0 +00000-0 0  9993
2 00049 047.2700 084.4500 0472406 086.8699 278.5222 12.41486636090227
1 00049U 60009  A 62233.04091714  .00022664 +00000-0 +00000-0 0  9990
2 00049 047.2629 061.8982 0506451 112.9211 252.5019 12.41830826091084
1 00049U 60009  A 62244.78432629  .00020617 +00000-0 +00000-0 0  9993
2 00049 047.3054 023.8011 0526561 154.2776 208.4370 12.42322021092543
1 00049U 60009  A 62253.38706228  .00027376 +00000-0 +00000-0 0  9997
2 00049 047.2704 355.9400 0545201 188.9381 170.0488 12.42788477093617
1 00049U 60009  A 62260.70060301  .00031592 +00000-0 +00000-0 0  9991
2 00049 047.2112 331.9772 0565270 218.5743 137.2483 12.43271983094527
1 00049U 60009  A 62266.72623277  .00033771 +00000-0 +00000-0 0  9997
2 00049 047.2482 312.3053 0584342 242.3261 111.6232 12.43697692095273
1 00049U 60009  A 62276.60476422  .00030694 +00000-0 +00000-0 0  9994
2 00049 047.2767 280.0604 0609926 277.8954 075.2290 12.44292509096505
1 00049U 60009  A 62283.34943698  .00022481 +00000-0 +00000-0 0  9992
2 00049 047.3085 257.9528 0634224 305.6538 048.6031 12.44545435097343
1 00049U 60009  A 62288.96881104  .00025983 +00000-0 +00000-0 0  9998
2 00049 047.2936 239.5812 0648515 326.8575 029.2400 12.44839766098049
1 00049U 60009  A 62297.31504770  .00030043 +00000-0 +00000-0 0  9991
2 00049 047.2639 212.2997 0635248 356.3727 003.1877 12.45331490099083
1 00049U 60009  A 62308.62458609  .00033866 +00000-0 +00000-0 0  9993
2 00049 047.2803 175.1675 0653176 039.2869 325.2769 12.46144570100498
1 00049U 60009  A 62318.88531560  .00025741 +00000-0 +00000-0 0  9993
2 00049 047.3084 141.3695 0675370 076.8818 290.5642 12.46700607101773
1 00049U 60009  A 62329.94187540  .00025246 +00000-0 +00000-0 0  9997
2 00049 047.3036 104.9564 0666570 115.7591 251.2677 12.47278811103157
1 00049U 60009  A 62334.82812064 -.00002699 +00000-0 +00000-0 0  9994
2 00049 047.2648 088.8750 0635169 133.2943 232.1795 12.47191794103768
1 00049U 60009  A 62342.59861684 -.00009088 +00000-0 +00000-0 0  9998
2 00049 047.2620 063.3084 0592371 160.8321 201.4937 12.47012944104733
1 00049U 60009  A 62351.57242888 -.00014046 +00000-0 +00000-0 0  9995
2 00049 047.2870 033.8577 0545867 194.6078 163.7498 12.46722492105852
1 00049U 60009  A 62360.54819059 -.00010403 +00000-0 +00000-0 0  9995
2 00049 047.2647 004.4246 0503863 228.8102 126.7352 12.46526896106971
1 00049U 60009  A 63008.45409511 -.00008332 +00000-0 +00000-0 0  9991
2 00049 047.2262 322.2328 0449908 277.8297 077.0877 12.46277058108586
1 00049U 60009  A 63014.94799517 -.00001798 +00000-0 +00000-0 0  9999
2 00049 047.2337 300.9408 0407809 305.5013 050.7614 12.46269346109398
1 00049U 60009  A 63021.76286625 -.00002290 +00000-0 +00000-0 0  9996
2 00049 047.2449 278.6809 0379881 334.9300 023.2720 12.46236519110246
1 00049U 60009  A 63031.14333200  .00000276 +00000-0 +00000-0 0  9992
2 00049 047.2861 248.0282 0359552 012.4382 348.4263 12.46251090111416
1 00049U 60009  A 63038.03767609  .00005607 +00000-0 +00000-0 0  9994
2 00049 047.2748 225.5164 0344514 040.4806 322.0319 12.46390920112274
1 00049U 60009  A 63043.00754928  .00008501 +00000-0 +00000-0 0  9993
2 00049 047.2887 209.2884 0344725 055.6748 307.5397 12.46488971112899
1 00049U 60009  A 63048.45791028 -.00004842 +00000-0 +00000-0 0  9994
2 00049 047.2776 191.4514 0289004 077.5025 285.7149 12.46467345113577
1 00049U 60009  A 63056.71397018 -.00003457 +00000-0 +00000-0 0  9994
2 00049 047.2084 164.5152 0241987 104.6059 258.0889 12.46407021114609
1 00049U 60009  A 63066.01222467 -.00003083 +00000-0 +00000-0 0  9998
2 00049 047.1901 134.1503 0159288 140.2274 220.9502 12.46370690115765
1 00049U 60009  A 63072.18438958  .00000758 +00000-0 +00000-0 0  9992
2 00049 047.2142 114.0296 0112859 165.4401 194.8874 12.46399645116531
1 00049U 60009  A 63079.55895257  .00001217 +00000-0 +00000-0 0  9990
2 00049 047.2312 090.0173 0074937 202.4522 157.2180 12.46417238117451
1 00049U 60009  A 63090.13961553  .00003426 +00000-0 +00000-0 0  9994
2 00049 047.2402 055.5583 0038682 272.1074 087.4495 12.46496511118775
1 00049U 60009  A 63096.47152399  .00008329 +00000-0 +00000-0 0  9994
2 00049 047.1892 034.9402 0046637 036.2256 324.0892 12.46632286119568
1 00049U 60009  A 63102.80270408  .00013345 +00000-0 +00000-0 0  9995
2 00049 047.1854 014.2230 0100765 079.3726 281.7606 12.46811491120357
1 00049U 60009  A 63111.69628734  .00018590 +00000-0 +00000-0 0  9998
2 00049 047.1764 345.1378 0147500 113.0177 248.5441 12.47159575121460
1 00049U 60009  A 63119.62582491  .00021913 +00000-0 +00000-0 0  9991
2 00049 047.2117 319.2471 0198855 142.1436 219.2708 12.47546395122450
1 00049U 60009  A 63126.99213431  .00026456 +00000-0 +00000-0 0  9991
2 00049 047.2211 295.1405 0236380 169.4381 191.0663 12.47963183123378
1 00049U 60009  A 63137.87667226  .00029903 +00000-0 +00000-0 0  9995
2 00049 047.2130 259.4263 0287191 212.7102 145.4769 12.48616483124732
1 00049U 60009  A 63149.71501583  .00031040 +00000-0 +00000-0 0  9999
2 00049 047.1794 220.4962 0356836 257.5233 098.4605 12.49358936126214
1 00049U 60009  A 63163.06592436  .00019456 +00000-0 +00000-0 0  9997
2 00049 047.2388 176.5150 0455225 299.9949 055.5643 12.49976016127885
1 00049U 60009  A 63167.54235886  .00014772 +00000-0 +00000-0 0  9993
2 00049 047.2617 161.6923 0493755 317.5423 038.7407 12.50034310128445
1 00049U 60009  A 63176.41415167  .00011150 +00000-0 +00000-0 0  9998
2 00049 047.2803 132.4174 0498884 348.6032 010.3072 12.50225538129556
1 00049U 60009  A 63185.28490304  .00008663 +00000-0 +00000-0 0  9994
2 00049 047.2814 103.0746 0517821 022.1830 339.9791 12.50365122130666
1 00049U 60009  A 63196.15140766  .00011624 +00000-0 +00000-0 0  9997
2 00049 047.2599 067.2545 0528827 064.1068 301.2491 12.50639968132024
1 00049U 60009  A 63203.10091658  .00016699 +00000-0 +00000-0 0  9993
2 00049 047.2718 044.2822 0537670 092.6661 273.4962 12.50898884132893
1 00049U 60009  A 63209.01068899  .00014870 +00000-0 +00000-0 0  9999
2 00049 047.2766 024.7551 0551300 115.0595 250.7623 12.51100366133637
1 00049U 60009  A 63218.91094732  .00015960 +00000-0 +00000-0 0  9994
2 00049 047.2827 351.9985 0557110 151.5406 211.6158 12.51447211134871
1 00049U 60009  A 63228.72810024  .00019644 +00000-0 +00000-0 0  9997
2 00049 047.2357 319.4692 0574056 190.1138 168.6783 12.51844636136107
1 00049U 60009  A 63235.74946308  .00029678 +00000-0 +00000-0 0  9990
2 00049 047.2547 296.2121 0588918 217.7392 137.9810 12.52277909136987
1 00049U 60009  A 63243.16731974  .00028705 +00000-0 +00000-0 0  9996
2 00049 047.3082 271.5470 0607390 246.1339 107.3849 12.52738909137917
1 00049U 60009  A 63248.11176251  .00017794 +00000-0 +00000-0 0  9993
2 00049 047.2945 255.0934 0613752 264.4653 088.5075 12.52874363138532
1 00049U 60009  A 63254.25199198  .00015307 +00000-0 +00000-0 0  9998
2 00049 047.3024 234.6733 0613219 287.9542 065.4582 12.53033735139300
1 00049U 60009  A 63262.46483727  .00011465 +00000-0 +00000-0 0  9995
2 00049 047.3180 207.4237 0605526 318.6538 036.9152 12.53182228140332
1 00049U 60009  A 63273.30686757  .00017157 +00000-0 +00000-0 0  9992
2 00049 047.2662 171.3788 0584160 000.5049 359.5510 12.53568991141697
1 00049U 60009  A 63282.15311642  .00019856 +00000-0 +00000-0 0  9991
2 00049 047.2961 141.8490 0581912 036.7002 327.1488 12.53939536142809
1 00049U 60009  A 63290.12005351  .00020630 +00000-0 +00000-0 0  9996
2 00049 047.3042 115.4000 0581685 066.5437 299.4635 12.54303310143806
1 00049U 60009  A 63298.56236383  .00018265 +00000-0 +00000-0 0  9994
2 00049 047.2886 087.2301 0568174 097.8983 268.5852 12.54614010144869
1 00049U 60009  A 63308.75561618 -.00007124 +00000-0 +00000-0 0  9992
2 00049 047.2736 053.3301 0528721 135.2271 229.1622 12.54450437146140
1 00049U 60009  A 63335.68085717  .00008560 +00000-0 +00000-0 0  9999
2 00049 047.2499 323.9033 0387061 241.4276 114.6231 12.53901206149522
1 00049U 60009  A 63343.01127097  .00001043 +00000-0 +00000-0 0  9992
2 00049 047.2171 299.5488 0351077 268.0195 087.9569 12.53918500150448
1 00049U 60009  A 63351.21838521  .00004722 +00000-0 +00000-0 0  9991
2 00049 047.2076 272.4459 0312513 307.7709 049.4387 12.53991643151478
1 00049U 60009  A 63360.22153112  .00007819 +00000-0 +00000-0 0  9998
2 00049 047.2148 242.5507 0291967 347.9128 011.4013 12.54521612152607
1 00049U 60009  A 63360.22153135  .00007812 +00000-0 +00000-0 0  9996
2 00049 047.2148 242.5507 0291967 347.9128 011.4013 12.54131309152607
1 00049U 60009  A 64006.13553428  .00007898 +00000-0 +00000-0 0  9997
2 00049 047.2954 206.4972 0254966 033.7436 327.8537 12.54673562153975
1 00049U 60009  A 64006.13553452  .00007891 +00000-0 +00000-0 0  9997
2 00049 047.2954 206.4972 0254966 033.7436 327.8537 12.54287541153973
1 00049U 60009  A 64016.80878424  .00008062 +00000-0 +00000-0 0  9992
2 00049 047.2845 171.0211 0264262 076.9158 286.0199 12.54730738155316
1 00049U 60009  A 64016.80878447  .00008057 +00000-0 +00000-0 0  9991
2 00049 047.2845 171.0211 0264262 076.9158 286.0199 12.54472954155319
1 00049U 60009  A 64021.10953616  .00004068 +00000-0 +00000-0 0  9990
2 00049 047.2537 156.6835 0241247 093.6624 269.0993 12.54728255155850
1 00049U 60009  A 64021.10953640  .00004066 +00000-0 +00000-0 0  9995
2 00049 047.2537 156.6835 0241247 093.6624 269.0993 12.54469430155857
1 00049U 60009  A 64025.09197830 -.00000005 +00000-0 +00000-0 0  9998
2 00049 047.2279 143.4984 0201938 107.2456 254.9741 12.54617077156359
1 00049U 60009  A 64025.09197853  .00000000 +00000-0 +00000-0 0  9997
2 00049 047.2279 143.4984 0201938 107.2456 254.9741 12.54357453156358
1 00049U 60009  A 64029.31361412 -.00000005 +00000-0 +00000-0 0  9996
2 00049 047.1894 129.5277 0168928 123.2860 238.3433 12.54540174156884
1 00049U 60009  A 64029.31361436  .00000000 +00000-0 +00000-0 0  9996
2 00049 047.1894 129.5277 0168928 123.2860 238.3433 12.54279276156886
1 00049U 60009  A 64035.76588106  .00000000 +00000-0 +00000-0 0  9997
2 00049 047.2030 108.1148 0129972 149.4685 211.2944 12.54210584157694
1 00049U 60009  A 64049.46651743  .00014197 +00000-0 +00000-0 0  9999
2 00049 047.2238 062.7817 0047660 257.4200 102.0463 12.54692452159411
1 00049U 60009  A 64049.46651768  .00014189 +00000-0 +00000-0 0  9997
2 00049 047.2238 062.7817 0047660 257.4200 102.0463 12.54432802159412
1 00049U 60009  A 64057.66980147 -.00011173 +00000-0 +00000-0 0  9995
2 00049 047.2579 035.7196 0064672 335.4893 024.2045 12.54583831160442
1 00049U 60009  A 64064.59825110  .00017246 +00000-0 +00000-0 0  9999
2 00049 047.2235 012.8791 0121506 030.8165 329.8894 12.54917962161315
1 00049U 60009  A 64064.59825134  .00017235 +00000-0 +00000-0 0  9993
2 00049 047.2235 012.8791 0121506 030.8165 329.8894 12.54658152161318
1 00049U 60009  A 64076.14323830  .00016297 +00000-0 +00000-0 0  9990
2 00049 047.1756 334.4702 0163424 077.4526 284.3704 12.55036097162767
1 00049U 60009  A 64083.38651657  .00021787 +00000-0 +00000-0 0  9995
2 00049 047.2171 310.3417 0229173 107.9073 254.6045 12.55629972163674
1 00049U 60009  A 64090.38897251  .00022126 +00000-0 +00000-0 0  9993
2 00049 047.2663 287.1308 0272243 134.3860 227.8752 12.55959659164557
1 00049U 60009  A 64100.49143264  .00021940 +00000-0 +00000-0 0  9998
2 00049 047.3098 253.7647 0314502 174.2225 186.1482 12.56391232165824
1 00049U 60009  A 64109.07914780  .00026293 +00000-0 +00000-0 0  9996
2 00049 047.2589 225.0765 0369342 207.5754 150.4151 12.56848721166907
1 00049U 60009  A 64116.78945465  .00029433 +00000-0 +00000-0 0  9995
2 00049 047.2146 199.3051 0414838 238.0412 117.8582 12.57310243167874
1 00049U 60009  A 64121.71608709  .00036165 +00000-0 +00000-0 0  9991
2 00049 047.1991 182.7539 0431388 255.0997 100.0835 12.57699557168496
1 00049U 60009  A 64125.84701918  .00037178 +00000-0 +00000-0 0  9990
2 00049 047.2614 168.9651 0476251 270.9465 083.6018 12.58022321169012
1 00049U 60009  A 64131.48636813  .00016871 +00000-0 +00000-0 0  9995
2 00049 047.2679 150.0641 0503126 290.5795 064.1039 12.58228875169727
1 00049U 60009  A 64135.53689356  .00016469 +00000-0 +00000-0 0  9998
2 00049 047.2737 136.5080 0522948 305.9369 049.3457 12.58468806170236
1 00049U 60009  A 64143.00166436  .00013705 +00000-0 +00000-0 0  9998
2 00049 047.2872 111.4465 0533067 332.2646 025.0434 12.58543745171176
1 00049U 60009  A 64152.84741111  .00011088 +00000-0 +00000-0 0  9991
2 00049 047.2857 078.4708 0535443 009.2319 351.7795 12.58758954172416
1 00049U 60009  A 64160.23020196  .00015586 +00000-0 +00000-0 0  9993
2 00049 047.3011 053.6474 0532746 039.6602 324.1185 12.59010792173341
1 00049U 60009  A 64165.38903972  .00021067 +00000-0 +00000-0 0  9997
2 00049 047.2954 036.3381 0545906 061.8852 303.5407 12.59277710173991
1 00049U 60009  A 64170.07065290  .00022150 +00000-0 +00000-0 0  9995
2 00049 047.3137 020.6700 0553954 079.8127 286.3862 12.59505522174586
1 00049U 60009  A 64177.28942271  .00025673 +00000-0 +00000-0 0  9991
2 00049 047.3249 356.3744 0561484 107.6134 258.5946 12.59882448175492
1 00049U 60009  A 64187.12254828  .00021179 +00000-0 +00000-0 0  9996
2 00049 047.2969 323.3470 0572976 144.7859 219.1893 12.60290507176737
1 00049U 60009  A 64197.82346718  .00024002 +00000-0 +00000-0 0  9992
2 00049 047.2773 287.3628 0585000 186.7207 172.4580 12.60935593178084
1 00049U 60009  A 64200.99312538  .00025773 +00000-0 +00000-0 0  9994
2 00049 047.2773 276.6378 0605445 201.1319 156.2563 12.60977101178485
1 00049U 60009  A 64205.90547512  .00024885 +00000-0 +00000-0 0  9995
2 00049 047.2773 260.0690 0615029 219.5734 135.7728 12.61233496179100
1 00049U 60009  A 64220.71868943  .00014480 +00000-0 +00000-0 0  9995
2 00049 047.2773 209.9952 0638270 273.8385 078.8919 12.61653042180970
1 00049U 60009  A 64231.41103290  .00003952 +00000-0 +00000-0 0  9993
2 00049 047.2773 173.8970 0614913 312.0795 042.8801 12.61800332182326
1 00049U 60009  A 64236.24263593  .00000000 +00000-0 +00000-0 0  9993
2 00049 047.2774 157.4970 0596634 330.4141 026.3885 12.61728962182937
1 00049U 60009  A 64240.28217885  .00001883 +00000-0 +00000-0 0  9995
2 00049 047.2774 143.8378 0565154 347.5917 011.1360 12.61751281183448
1 00049U 60009  A 64247.41054890  .00002671 +00000-0 +00000-0 0  9998
2 00049 047.2774 119.7869 0547350 014.9367 346.6800 12.61793949184349
1 00049U 60009  A 64256.04291673  .00002672 +00000-0 +00000-0 0  9990
2 00049 047.2776 090.7780 0519437 050.1864 314.2726 12.61918469185435
1 00049U 60009  A 64266.17905851  .00000534 +00000-0 +00000-0 0  9990
2 00049 047.2776 056.5666 0502456 087.8974 277.8458 12.61939124186719
1 00049U 60009  A 64273.78122543  .00000534 +00000-0 +00000-0 0  9994
2 00049 047.2673 031.0659 0442603 114.0818 250.6237 12.61853142187677
1 00049U 60009  A 64277.82006666  .00000534 +00000-0 +00000-0 0  9990
2 00049 047.2241 017.4430 0433212 132.1838 231.5757 12.61769090188182
1 00049U 60009  A 64280.03758192  .00000534 +00000-0 +00000-0 0  9995
2 00049 047.2345 009.9810 0423469 140.6386 222.5156 12.61718283188462
1 00049U 60009  A 64285.73985362  .00000534 +00000-0 +00000-0 0  9998
2 00049 047.1968 350.7600 0396065 162.9860 198.3806 12.61666001189183
1 00049U 60009  A 64290.88805458  .00000534 +00000-0 +00000-0 0  9997
2 00049 047.2140 333.4417 0371794 183.7749 176.0140 12.61606502189835
1 00049U 60009  A 64295.79885075  .00000534 +00000-0 +00000-0 0  9995
2 00049 047.2511 316.9535 0346107 205.5173 152.7968 12.61563835190458
1 00049U 60009  A 64308.47301887  .00000534 +00000-0 +00000-0 0  9999
2 00049 047.2681 274.4791 0288667 257.4469 099.3123 12.61467347192056
1 00049U 60009  A 64314.25631762  .00000534 +00000-0 +00000-0 0  9990
2 00049 047.2246 255.0948 0257289 283.2035 073.9420 12.61396264192781
1 00049U 60009  A 64318.85153241  .00000534 +00000-0 +00000-0 0  9991
2 00049 047.2459 239.7232 0236257 303.9421 053.8564 12.61348225193368
1 00049U 60009  A 64326.45737525  .00000534 +00000-0 +00000-0 0  9999
2 00049 047.2252 214.1172 0210994 338.9748 020.2328 12.61356749194322
1 00049U 60009  A 64330.18084883  .00000534 +00000-0 +00000-0 0  9996
2 00049 047.2574 201.6513 0203546 357.2570 002.6328 12.61402672194793
1 00049U 60009  A 64334.14173289  .00000534 +00000-0 +00000-0 0  9995
2 00049 047.2730 188.3204 0199828 021.9483 338.9557 12.61514840195296
1 00049U 60009  A 64337.31022046  .00000534 +00000-0 +00000-0 0  9991
2 00049 047.2926 177.7082 0196950 037.0022 324.3844 12.61579147195692
1 00049U 60009  A 64340.08249378  .00000534 +00000-0 +00000-0 0  9998
2 00049 047.2668 168.3976 0194772 050.9394 310.8055 12.61637963196044
1 00049U 60009  A 64342.06259867  .00000534 +00000-0 +00000-0 0  9992
2 00049 047.2749 161.7631 0192657 060.3569 301.5656 12.61688923196291
1 00049U 60009  A 64346.18100447  .00000534 +00000-0 +00000-0 0  9998
2 00049 047.2882 147.9337 0184169 075.7624 286.2759 12.61745706196813
1 00049U 60009  A 64351.17018863  .00000534 +00000-0 +00000-0 0  9993
2 00049 047.2524 131.0386 0175251 103.8154 258.1401 12.61811296197447
1 00049U 60009  A 64355.12979765  .00000534 +00000-0 +00000-0 0  9999
2 00049 047.2679 117.8731 0142436 111.5397 249.9951 12.61848084197946
1 00049U 60009  A 64358.05989761  .00000534 +00000-0 +00000-0 0  9991
2 00049 047.2310 108.0346 0125092 123.8459 237.3507 12.61832139198310
1 00049U 60009  A 64363.76184248  .00000534 +14927-3 +00000-0 0  9998
2 00049 047.2303 088.8912 0093373 153.5044 206.9757 12.61801925199030
1 00049U 60009  A 65003.93910693  .00000534 +21493-0 +00000-0 0  9993
2 00049 047.1850 067.9383 0066688 194.6212 165.1848 12.61775618199810
1 00049U 60009  A 65013.60085629  .00000534 +21500-0 +00000-0 0  9999
2 00049 047.1980 035.6501 0070867 276.7150 082.4788 12.61819722201032
1 00049U 60009  A 65016.45165250  .00000534 +21506-0 +00000-0 0  9990
2 00049 047.2451 026.1159 0101252 314.4788 044.7348 12.61922554201390
1 00049U 60009  A 65017.56033061  .00000534 +21508-0 +00000-0 0  9999
2 00049 047.2633 022.4667 0113878 324.7696 034.5327 12.61946930201538
1 00049U 60009  A 65021.99469827  .00000534 +21513-0 +00000-0 0  9990
2 00049 047.2663 007.5957 0131565 344.9300 014.7496 12.62015151202098
1 00049U 60009  A 65024.68677185  .00011311 +96246-7 +00000-0 0  9994
2 00049 047.2849 358.6250 0143640 355.7245 004.1534 12.62126006202431
1 00049U 60009  A 65032.36637018  .00016812 +21265-6 +00000-0 0  9998
2 00049 047.2348 332.8041 0187084 033.5623 327.6573 12.62379239203400
1 00049U 60009  A 65038.54044149  .00018932 +26970-6 +00000-0 0  9994
2 00049 047.2344 311.9809 0232588 060.1850 302.1250 12.62624989204185
1 00049U 60009  A 65048.19423433  .00023475 +41478-6 +00000-0 0  9991
2 00049 047.2229 279.3855 0278685 096.0019 267.1802 12.63102429205408
1 00049U 60009  A 65065.19949766  .00013631 +13989-6 +00000-0 0  9991
2 00049 047.2876 222.0407 0365929 160.6544 200.8399 12.63618638207550
1 00049U 60009  A 65070.81301924  .00024242 +44256-6 +00000-0 0  9995
2 00049 047.2665 203.1205 0389538 184.9792 174.6209 12.63936642208263
1 00049U 60009  A 65075.71387573  .00031162 +73142-6 +00000-0 0  9998
2 00049 047.2421 186.5977 0401235 204.3851 153.6627 12.64245121208880
1 00049U 60009  A 65081.79856653  .00037185 +10417-5 +00000-0 0  9999
2 00049 047.2292 165.9599 0422590 229.2270 127.0283 12.64707022209657
1 00049U 60009  A 65085.90639539  .00043033 +13955-5 +00000-0 0  9997
2 00049 047.2174 151.9724 0446853 246.9596 108.2667 12.65076509210172
1 00049U 60009  A 65094.67193552  .00035884 +97078-6 +00000-0 0  9995
2 00049 047.2831 122.2937 0486277 280.3631 074.1949 12.65721687211286
1 00049U 60009  A 65096.80356330  .00026253 +51966-6 +00000-0 0  9993
2 00049 047.2461 114.9605 0487661 286.7984 067.9151 12.65796521211558
1 00049U 60009  A 65102.72449464  .00016558 +20673-6 +00000-0 0  9991
2 00049 047.3105 094.9660 0526400 311.6857 043.9566 12.65969343212306
1 00049U 60009  A 65107.46061201  .00018755 +26527-6 +00000-0 0  9991
2 00049 047.3089 078.8604 0535094 329.9785 027.1084 12.66145068212903
1 00049U 60009  A 65115.35270495  .00018477 +25753-6 +00000-0 0  9996
2 00049 047.3252 052.0830 0538508 359.0289 000.9375 12.66445938213908
1 00049U 60009  A 65122.13843149  .00020103 +30488-6 +00000-0 0  9992
2 00049 047.2654 028.8968 0544692 027.9112 334.9601 12.66720064214766
1 00049U 60009  A 65127.42363209  .00025062 +47396-6 +00000-0 0  9998
2 00049 047.2880 010.8883 0552669 049.3620 315.3444 12.67007862215437
1 00049U 60009  A 65132.07653206  .00029876 +67366-6 +00000-0 0  9990
2 00049 047.3064 355.0307 0558002 068.0528 297.7936 12.67317450216021
1 00049U 60009  A 65140.27551431  .00030222 +68959-6 +00000-0 0  9994
2 00049 047.3143 327.1340 0573713 099.4496 267.0805 12.67807599217062
1 00049U 60009  A 65142.24619383  .00025018 +47256-6 +00000-0 0  9998
2 00049 047.3346 320.5668 0565332 103.2783 263.0897 12.67844567217319
1 00049U 60009  A 65147.21098344  .00013409 +13577-6 +00000-0 0  9998
2 00049 047.2934 303.4815 0587492 127.6764 237.8261 12.67996775217947
1 00049U 60009  A 65152.09642476  .00009429 +67140-7 +00000-0 0  9994
2 00049 047.2758 286.7970 0590129 146.4368 217.4989 12.68112512218566
1 00049U 60009  A 65157.06005757  .00010044 +76193-7 +00000-0 0  9994
2 00049 047.3075 269.9047 0598280 166.4452 195.3109 12.68243791219191
1 00049U 60009  A 65160.05367511  .00014557 +00000-0 +00000-0 0  9996
2 00049 047.2998 259.6853 0604586 178.1575 182.1570 12.68358658219575
1 00049U 60009  A 65163.99210970  .00020132 +00000-0 +00000-0 0  9994
2 00049 047.2926 246.1822 0613239 193.8352 164.4832 12.68560051220078
1 00049U 60009  A 65167.69364063  .00031618 +00000-0 +00000-0 0  9999
2 00049 047.3046 233.4889 0623298 208.4412 148.0754 12.68810759220546
1 00049U 60009  A 65175.88213912  .00022503 +00000-0 +00000-0 0  9998
2 00049 047.3030 205.4084 0640799 238.4119 115.1968 12.69256350221586
1 00049U 60009  A 65182.73079436  .00021591 +00000-0 +00000-0 0  9997
2 00049 047.3205 181.9541 0653434 263.8634 088.6583 12.69530326222452
1 00049U 60009  A 65188.71259776  .00018739 +00000-0 +00000-0 0  9998
2 00049 047.2959 161.3644 0639407 285.5490 067.4907 12.69753877223216
1 00049U 60009  A 65194.37908901  .00000000 +00000-0 +00000-0 0  9990
2 00049 047.3302 141.9083 0620248 305.8213 048.5944 12.69784405223933
1 00049U 60009  A 65201.30557718  .00000000 +00000-0 +00000-0 0  9998
2 00049 047.2906 118.1060 0576281 332.1482 024.9338 12.69594317224815
1 00049U 60009  A 65206.18606892  .00000000 +00000-0 +00000-0 0  9997
2 00049 047.3202 101.4167 0559803 349.5061 009.4370 12.69498235225439
1 00049U 60009  A 65215.79062999  .00000000 +00000-0 +00000-0 0  9998
2 00049 047.2689 068.6261 0512664 028.3263 334.4213 12.69370292226650
1 00049U 60009  A 65220.75058735  .00000000 +00000-0 +00000-0 0  9993
2 00049 047.2689 051.6701 0498536 046.8709 317.2250 12.69309381227283
1 00049U 60009  A 65225.08083786  .00000000 +00000-0 +00000-0 0  9998
2 00049 047.2636 036.9153 0481293 063.5916 301.2822 12.69254678227837
1 00049U 60009  A 65228.54514731  .00000000 +00000-0 +00000-0 0  9991
2 00049 047.2702 025.1179 0461936 077.3309 287.7966 12.69189346228275
1 00049U 60009  A 65231.14343847  .00000000 +00000-0 +00000-0 0  9999
2 00049 047.2253 016.2097 0446051 087.6850 277.4141 12.69133640228606
1 00049U 60009  A 65234.84428465  .00000000 +00000-0 +00000-0 0  9999
2 00049 047.2416 003.6375 0445132 100.1148 264.9375 12.69022939229076
1 00049U 60009  A 65242.00984347  .00000000 +00000-0 +00000-0 0  9992
2 00049 047.2305 339.1352 0389728 130.7431 232.7382 12.68892932229985
1 00049U 60009  A 65256.81500232  .00000000 +00000-0 +00000-0 0  9993
2 00049 047.2563 288.7111 0340005 189.7790 169.6181 12.68801107231869
1 00049U 60009  A 65263.74542199  .00002025 +31006-8 +00000-0 0  9998
2 00049 047.2864 265.1819 0315127 217.7539 140.0420 12.68820113232742
1 00049U 60009  A 65269.49466407  .00000000 +00000-0 +00000-0 0  9996
2 00049 047.3111 245.6916 0291279 240.3633 116.7227 12.68807231233479
1 00049U 60009  A 65281.38779699  .00000000 +00000-0 +00000-0 0  9998
2 00049 047.2711 205.2838 0220676 287.0730 070.5270 12.68735318234986
1 00049U 60009  A 65287.21650349  .00000000 +00000-0 +00000-0 0  9996
2 00049 047.2139 185.4103 0178242 314.1780 044.4064 12.68718590235729
1 00049U 60009  A 65311.00272782  .00007839 +46438-7 +00000-0 0  9991
2 00049 047.3306 104.6694 0112832 081.3080 279.9717 12.68935563238749
1 00049U 60009  A 65333.91706594  .00003545 +95006-8 +00000-0 0  9994
2 00049 047.1771 026.5887 0081444 258.0807 101.0056 12.69071347241650
1 00049U 60009  A 65335.41306050  .00009933 +74560-7 +00000-0 0  9992
2 00049 047.1898 021.4220 0098692 276.3022 082.5730 12.69137823241845
1 00049U 60009  A 65341.79038174  .00014384 +15637-6 +00000-0 0  9994
2 00049 047.2049 359.8316 0137354 312.8431 046.0454 12.69325765242659
1 00049U 60009  A 65347.53701312  .00016612 +20859-6 +00000-0 0  9991
2 00049 047.2238 340.3013 0166555 337.8717 021.4803 12.69528747243388
1 00049U 60009  A 65350.68541916  .00020576 +32006-6 +00000-0 0  9994
2 00049 047.2707 329.5760 0190062 351.6169 008.1401 12.69684059243781
1 00049U 60009  A 65353.99094921  .00020727 +32480-6 +00000-0 0  9994
2 00049 047.2330 318.3421 0219511 007.1875 353.1914 12.69825177244209
1 00049U 60009  A 65356.35172112  .00023899 +43185-6 +00000-0 0  9993
2 00049 047.2793 310.2878 0223383 015.5462 345.1939 12.69956732244509
1 00049U 60009  A 65360.36448223  .00029675 +66590-6 +00000-0 0  9991
2 00049 047.2810 296.5628 0251548 031.9198 329.6302 12.70218064245019
1 00049U 60009  A 65364.53366453  .00035538 +95528-6 +00000-0 0  9996
2 00049 047.2682 282.4188 0283002 048.9152 313.5255 12.70535068245542
1 00049U 60009  A 66032.14716655  .00014738 +16448-6 +00000-0 0  9992
2 00049 047.2963 170.5316 0430204 170.1373 190.8110 12.72167992249690
1 00049U 60009  A 66036.07415848  .00014126 +15112-6 +00000-0 0  9996
2 00049 047.2622 157.0624 0432663 186.3321 173.1813 12.72284127250198
1 00049U 60009  A 66040.00070267  .00015521 +18245-6 +00000-0 0  9996
2 00049 047.2204 143.5669 0437790 203.8312 154.1459 12.72421256250690
1 00049U 60009  A 66041.02148753  .00018318 +25413-6 +00000-0 0  9997
2 00049 047.2296 140.0287 0441373 209.0613 148.4698 12.72480184250824
1 00049U 60009  A 66042.98453479  .00018621 +26264-6 +00000-0 0  9999
2 00049 047.2300 133.3358 0445941 217.7762 139.0584 12.72563275251071
1 00049U 60009  A 66046.91024546  .00022094 +36979-6 +00000-0 0  9998
2 00049 047.2098 119.8072 0453740 233.6024 122.1548 12.72751144251573
1 00049U 60009  A 66049.89345793  .00024222 +44452-6 +00000-0 0  9998
2 00049 047.1992 109.5275 0457753 244.7774 110.4220 12.72898980251958
1 00049U 60009  A 66110.73149135  .00025045 +47642-6 +00000-0 0  9990
2 00049 047.3071 259.6712 0571919 127.7867 237.5598 12.76445701259719
1 00049U 60009  A 66114.09746315  .00022159 +37298-6 +00000-0 0  9995
2 00049 047.3253 248.0122 0569628 140.8461 223.4628 12.76573372260141
1 00049U 60009  A 66118.08902408  .00025574 +49686-6 +00000-0 0  9993
2 00049 047.3055 234.2460 0570891 158.7564 203.7818 12.76771653260659
1 00049U 60009  A 66123.01888301  .00024271 +44761-6 +00000-0 0  9999
2 00049 047.2568 217.1056 0573412 178.3531 181.9253 12.77000932261288
1 00049U 60009  A 66123.72301723  .00025568 +49672-6 +00000-0 0  9991
2 00049 047.2656 214.6443 0574438 183.4676 176.1975 12.77042030261376
1 00049U 60009  A 66125.83540036  .00027893 +59125-6 +00000-0 0  9994
2 00049 047.2599 207.3139 0575330 191.0873 167.6675 12.77178391261641
1 00049U 60009  A 66129.90314341  .00029462 +65975-6 +00000-0 0  9998
2 00049 047.2377 193.1687 0577626 205.4356 151.6727 12.77425549262160
1 00049U 60009  A 66132.87525082  .00029077 +64270-6 +00000-0 0  9993
2 00049 047.2782 182.8145 0588930 219.3245 136.2974 12.77594466262545
1 00049U 60009  A 66137.80191423  .00031140 +73731-6 +00000-0 0  9995
2 00049 047.2858 165.6980 0598087 237.8647 116.2151 12.77904738263172
1 00049U 60009  A 66142.72749758  .00033291 +00000-0 +00000-0 0  9994
2 00049 047.2834 148.5600 0606806 256.3534 096.8241 12.78236568263808
1 00049U 60009  A 66151.95016860  .00035013 +93278-6 +00000-0 0  9999
2 00049 047.2855 116.4367 0596266 290.2772 063.4227 12.78876760264982
1 00049U 60009  A 66153.90367509  .00031824 +77066-6 +00000-0 0  9998
2 00049 047.2834 109.6128 0590377 297.3486 056.7794 12.78975137265236
1 00049U 60009  A 66155.31031013  .00017542 +23415-6 +00000-0 0  9993
2 00049 047.2848 104.7326 0579841 303.0500 051.5326 12.78938729265412
1 00049U 60009  A 66158.35799955  .00000000 +00000-0 +00000-0 0  9996
2 00049 047.2966 094.0892 0562249 315.0734 040.5446 12.78844819265808
1 00049U 60009  A 66160.85869787  .00000000 +00000-0 +00000-0 0  9995
2 00049 047.2637 085.4214 0550248 324.1761 032.2989 12.78804881266123
1 00049U 60009  A 66163.51583313  .00000000 +00000-0 +00000-0 0  9999
2 00049 047.2202 076.1432 0533659 334.8903 022.6619 12.78737153266460
1 00049U 60009  A 66166.48569224  .00000000 +00000-0 +00000-0 0  9993
2 00049 047.2377 065.7992 0514859 347.0515 011.7392 12.78689913266843
1 00049U 60009  A 66172.11294601  .00000000 +00000-0 +00000-0 0  9994
2 00049 047.2285 046.2135 0503227 007.4748 353.3143 12.78626186267568
1 00049U 60009  A 66174.37962457  .00000000 +00000-0 +00000-0 0  9995
2 00049 047.2674 038.3682 0488031 016.9399 344.6961 12.78589432267856
1 00049U 60009  A 66175.08308765  .00000000 +00000-0 +00000-0 0  9990
2 00049 047.2826 035.9959 0478682 020.7305 341.2069 12.78578913267940
1 00049U 60009  A 66178.05314276  .00000000 +00000-0 +00000-0 0  9994
2 00049 047.2322 025.6402 0475727 031.1234 331.6600 12.78575244268325
1 00049U 60009  A 66182.27389284  .00000000 +00000-0 +00000-0 0  9994
2 00049 047.2654 010.9453 0457345 048.4653 315.3996 12.78530309268867
1 00049U 60009  A 66183.28999994  .00000000 +00000-0 +00000-0 0  9991
2 00049 047.3150 007.4743 0449457 053.5190 310.5641 12.78531330268993
1 00049U 60009  A 66185.24407360  .00000000 +00000-0 +00000-0 0  9990
2 00049 047.2590 000.6787 0442190 061.3217 303.0690 12.78461740269244
1 00049U 60009  A 66191.18451425  .00000000 +00000-0 +00000-0 0  9991
2 00049 047.2893 340.0628 0438471 082.8075 282.1569 12.78435299270000
1 00049U 60009  A 66196.81231806  .00000000 +00000-0 +00000-0 0  9995
2 00049 047.2352 320.5686 0394829 107.1371 257.2304 12.78380729270721
1 00049U 60009  A 66201.03315636  .00000000 +00000-0 +00000-0 0  9990
2 00049 047.2529 305.9809 0378924 123.9335 239.7504 12.78394931271262
1 00049U 60009  A 66205.95730443  .00002965 +66899-8 +00000-0 0  9990
2 00049 047.2433 288.8643 0359311 144.6007 217.8886 12.78436108271898
1 00049U 60009  A 66207.98934384  .00012955 +12768-6 +00000-0 0  9999
2 00049 047.2347 281.9298 0346430 153.9981 207.8459 12.78513547272152
1 00049U 60009  A 66213.85053129  .00015273 +17746-6 +00000-0 0  9998
2 00049 047.2366 261.4683 0330993 179.1469 180.9889 12.78689016272908
1 00049U 60009  A 66218.85144205  .00016366 +20379-6 +00000-0 0  9999
2 00049 047.2421 244.1555 0321362 199.5583 159.2500 12.78856708273543
1 00049U 60009  A 66224.71127267  .00014584 +16185-6 +00000-0 0  9990
2 00049 047.2428 223.8259 0311328 222.2698 135.3313 12.79013707274292
1 00049U 60009  A 66229.71122379  .00013816 +14528-6 +00000-0 0  9990
2 00049 047.2635 206.4738 0291953 241.7807 115.2577 12.79142648274937
1 00049U 60009  A 66309.71843547  .00032193 +79039-6 +00000-0 0  9993
2 00049 047.2455 288.8215 0225937 350.7737 008.8877 12.81943703285186
1 00049U 60009  A 66318.36931103  .00038402 +11251-5 +00000-0 0  9990
2 00049 047.2877 258.8234 0282817 026.4639 335.0092 12.82578370286292
1 00049U 60009  A 66324.52344268  .00040611 +12588-5 +00000-0 0  9994
2 00049 047.2327 237.2486 0320475 051.2277 311.6200 12.83077342287082
1 00049U 60009  A 66326.00312417  .00044005 +14782-5 +00000-0 0  9999
2 00049 047.2447 232.0550 0329030 057.0919 306.0519 12.83230523287277
1 00049U 60009  A 66339.31385652  .00022833 +39828-6 +00000-0 0  9992
2 00049 047.2590 185.3126 0437978 106.3340 258.5321 12.84255747288989
1 00049U 60009  A 66340.32532373  .00032446 +80434-6 +00000-0 0  9999
2 00049 047.2874 181.7673 0445558 110.1975 254.6581 12.84354749289114
1 00049U 60009  A 66350.20357934  .00032654 +81507-6 +00000-0 0  9998
2 00049 047.2800 147.0781 0453639 144.0944 219.0912 12.84993993290383
1 00049U 60009  A 66351.21434489  .00037347 +10663-5 +00000-0 0  9999
2 00049 047.2681 143.4845 0457240 148.6588 214.2054 12.85109224290513
1 00049U 60009  A 66352.14721813  .00044182 +14924-5 +00000-0 0  9991
2 00049 047.2996 140.2116 0460405 152.1296 210.4755 12.85253467290639
1 00049U 60009  A 66358.13264647  .00023032 +40569-6 +00000-0 0  9999
2 00049 047.2492 119.1925 0466639 178.1087 182.1542 12.85560484291409
1 00049U 60009  A 66360.07561269  .00026587 +54062-6 +00000-0 0  9996
2 00049 047.2787 112.3774 0464822 184.6711 174.9593 12.85693198291652
1 00049U 60009  A 67002.37982454  .00027535 +58006-6 +00000-0 0  9992
2 00049 047.2132 086.6207 0463635 214.4097 142.5541 12.86094969292590
1 00049U 60009  A 67004.55503430  .00031366 +75280-6 +00000-0 0  9997
2 00049 047.2120 078.9436 0468871 224.9581 131.1894 12.86255278292874
1 00049U 60009  A 67009.91389026  .00056738 +24644-5 +00000-0 0  9992
2 00049 047.2542 060.0974 0478096 249.6716 105.1371 12.86885779293568
1 00049U 60009  A 67015.42579545  .00052827 +21373-5 +00000-0 0  9993
2 00049 047.2669 040.5999 0487488 271.1476 083.2731 12.87450472294270
1 00049U 60009  A 67017.44378460  .00048183 +17782-5 +00000-0 0  9999
2 00049 047.2448 033.5235 0489852 279.4968 075.0037 12.87613092294530
1 00049U 60009  A 67020.47025503  .00045300 +15721-5 +00000-0 0  9992
2 00049 047.2459 022.8266 0490519 290.4829 064.3287 12.87863802294925
1 00049U 60009  A 67022.72045743  .00039755 +12109-5 +00000-0 0  9994
2 00049 047.2813 014.8497 0497262 300.2403 054.9470 12.88003812295216
1 00049U 60009  A 67032.10493884  .00066719 +34138-5 +00000-0 0  9996
2 00049 047.2945 341.7602 0517286 342.0014 016.2945 12.89164662296427
1 00049U 60009  A 67035.35990854  .00077662 +00000-0 +00000-0 0  9990
2 00049 047.2516 330.0937 0518034 353.6106 005.8213 12.89720106296844
1 00049U 60009  A 67036.28971300  .00077625 +46238-5 +00000-0 0  9995
2 00049 047.2466 326.8156 0521242 358.5259 001.3940 12.89866483296962
1 00049U 60009  A 67037.29681042  .00079500 +00000-0 +00000-0 0  9994
2 00049 047.2364 323.2227 0521806 002.2190 358.0716 12.90042967297095
1 00049U 60009  A 67050.29792688  .00091737 +00000-0 +00000-0 0  9994
2 00049 047.2789 276.9034 0559294 058.3989 307.0108 12.92544093298770
1 00049U 60009  A 67052.77151095  .00091805 +00000-0 +00000-0 0  9996
2 00049 047.2928 268.1007 0555715 066.6338 299.1859 12.92996017299099
1 00049U 60009  A 67057.79445387  .00073365 +00000-0 +00000-0 0  9994
2 00049 047.3071 250.1815 0566384 086.5208 280.0114 12.93581930299748
1 00049U 60009  A 67063.20019133  .00072207 +00000-0 +00000-0 0  9997
2 00049 047.3122 230.8436 0566164 107.3019 259.0449 12.94359907300442
1 00049U 60009  A 67068.13682697  .00120858 +00000-0 +00000-0 0  9991
2 00049 047.3091 212.6605 0548642 125.8789 239.4176 12.95885985301084
1 00049U 60009  A 67070.37238687  .00123587 +00000-0 +00000-0 0  9998
2 00049 047.3090 204.6439 0545864 133.5562 231.1863 12.96457506301376
1 00049U 60009  A 67073.76283789  .00108074 +00000-0 +00000-0 0  9991
2 00049 047.3090 192.4750 0542689 145.2102 218.5402 12.97110374301815
1 00049U 60009  A 67078.46090107  .00089398 +00000-0 +00000-0 0  9990
2 00049 047.3102 175.9801 0523423 171.5199 189.4816 12.97747408302422
1 00049U 60009  A 67085.46394444  .00088018 +00000-0 +00000-0 0  9997
2 00049 047.3188 150.7054 0515726 200.2393 157.7207 12.98973915303338
1 00049U 60009  A 67090.53895197  .00090635 +00000-0 +00000-0 0  9990
2 00049 047.2987 132.3934 0507885 218.1820 138.1901 12.99903788303995
1 00049U 60009  A 67090.53911631  .00086749 +00000-0 +00000-0 0  9993
2 00049 047.2656 132.4431 0509046 218.1426 138.2240 12.99845509303997
1 00049U 60009  A 67090.53912384  .00086204 +00000-0 +00000-0 0  9995
2 00049 047.2669 132.4572 0508939 217.9161 138.4696 12.99840535303991
1 00049U 60009  A 67141.90705425  .00020114 +00000-0 +00000-0 0  9997
2 00049 047.2761 305.7429 0344767 081.7431 282.2257 13.05427137310697
1 00049U 60009  A 67210.84835375  .00013264 +00000-0 +00000-0 0  9993
2 00049 047.2978 054.3594 0140605 034.0429 326.9247 13.08411874319711
1 00049U 60009  A 67212.75762686  .00013983 +00000-0 +00000-0 0  9997
2 00049 047.2530 047.4329 0130315 049.1210 312.0747 13.08482858319964
1 00049U 60009  A 67216.80482599  .00018542 +00000-0 +00000-0 0  9995
2 00049 047.2209 032.6592 0120654 069.8142 291.5536 13.08656535320495
1 00049U 60009  A 67220.01175386  .00016845 +00000-0 +00000-0 0  9990
2 00049 047.2296 020.9223 0115632 085.8995 275.4961 13.08753999320918
1 00049U 60009  A 67221.99682458  .00017791 +00000-0 +00000-0 0  9992
2 00049 047.2130 013.6712 0114504 094.8368 266.5466 13.08832073321179
1 00049U 60009  A 67224.05816003  .00016742 +00000-0 +00000-0 0  9992
2 00049 047.2065 006.1304 0104748 116.2191 244.9369 13.08887652321447
1 00049U 60009  A 67228.56194403  .00020867 +00000-0 +00000-0 0  9998
2 00049 047.2147 349.7248 0098409 147.1900 213.5007 13.09100012322034
1 00049U 60009  A 67230.47009353  .00023352 +00000-0 +00000-0 0  9992
2 00049 047.2321 342.7504 0097609 156.9233 203.5941 13.09206054322280
1 00049U 60009  A 67233.06479348  .00029909 +00000-0 +00000-0 0  9999
2 00049 047.2215 333.2394 0097527 168.1406 192.1668 13.09412239322621
1 00049U 60009  A 67239.24487790  .00037322 +00000-0 +00000-0 0  9993
2 00049 047.2178 310.6003 0103544 209.2088 150.2842 13.09888099323435
1 00049U 60009  A 67243.28698075  .00050341 +00000-0 +00000-0 0  9998
2 00049 047.2487 295.7938 0144097 251.8635 106.6375 13.10350777323960
1 00049U 60009  A 67244.73576656  .00052272 +00000-0 +00000-0 0  9994
2 00049 047.2262 290.4298 0145059 258.6488 099.7931 13.10515640324156
1 00049U 60009  A 67247.86149505  .00053471 +00000-0 +00000-0 0  9992
2 00049 047.2383 278.9563 0151723 274.6760 083.6674 13.10869018324564
1 00049U 60009  A 67257.15844781  .00046054 +00000-0 +00000-0 0  9992
2 00049 047.2740 244.8743 0189551 317.3389 041.2776 13.11724850325788
1 00049U 60009  A 67259.67216479  .00047355 +00000-0 +00000-0 0  9993
2 00049 047.2739 235.6518 0196988 329.5695 029.3743 13.11975391326118
1 00049U 60009  A 67262.79456532  .00050624 +00000-0 +00000-0 0  9999
2 00049 047.2711 224.1885 0204150 344.4591 014.9958 13.12314986326521
1 00049U 60009  A 67270.10185606  .00063915 +00000-0 +00000-0 0  9991
2 00049 047.2287 197.3054 0246120 027.1841 334.1557 13.13321603327487
1 00049U 60009  A 67272.76449498  .00068166 +00000-0 +00000-0 0  9990
2 00049 047.2227 187.4768 0245235 038.1387 323.6444 13.13713145327839
1 00049U 60009  A 67274.05730544  .00076290 +00000-0 +00000-0 0  9996
2 00049 047.2213 182.6635 0246749 042.4447 319.5105 13.13987479328001
1 00049U 60009  A 67277.02270949  .00082451 +00000-0 +00000-0 0  9990
2 00049 047.2063 171.7310 0250300 058.2619 304.2266 13.14486232328390
1 00049U 60009  A 67278.99916460  .00074889 +00000-0 +00000-0 0  9998
2 00049 047.2131 164.4561 0262165 066.1960 296.6044 13.14731044328653
1 00049U 60009  A 67280.67132496  .00067963 +00000-0 +00000-0 0  9990
2 00049 047.2078 158.2385 0272607 073.6374 289.4164 13.14898241328872
1 00049U 60009  A 67283.40666601  .00071257 +00000-0 +00000-0 0  9995
2 00049 047.2552 148.1419 0282613 083.1227 280.1585 13.15323057329231
1 00049U 60009  A 67286.90047136  .00075860 +00000-0 +00000-0 0  9993
2 00049 047.2698 135.1452 0314101 102.3115 261.2983 13.15888576329697
1 00049U 60009  A 67289.93744446  .00074695 +00000-0 +00000-0 0  9992
2 00049 047.2749 123.8975 0326882 114.5448 248.9740 13.16336662330095
1 00049U 60009  A 67294.87034717  .00070193 +00000-0 +00000-0 0  9993
2 00049 047.2717 105.6125 0344680 134.4977 228.4495 13.17009159330740
1 00049U 60009  A 67298.35958446  .00071563 +00000-0 +00000-0 0  9996
2 00049 047.2906 092.6432 0353241 148.2713 213.9854 13.17529656331209
1 00049U 60009  A 67298.89029269  .00079495 +00000-0 +00000-0 0  9999
2 00049 047.2846 090.6519 0350986 149.5272 212.6388 13.17691963331279
1 00049U 60009  A 67300.86122034  .00098030 +00000-0 +00000-0 0  9990
2 00049 047.2715 083.3416 0370809 161.4819 199.9839 13.18194270331532
1 00049U 60009  A 67302.83146217  .00114426 +00000-0 +00000-0 0  9996
2 00049 047.2696 075.9829 0360249 168.3036 192.6359 13.18744512331794
1 00049U 60009  A 67304.19492821  .00126472 +00000-0 +00000-0 0  9996
2 00049 047.2654 070.9143 0366878 175.9792 184.4040 13.19169436331972
1 00049U 60009  A 67305.10353912  .00140416 +00000-0 +00000-0 0  9999
2 00049 047.2645 067.5237 0365484 179.9376 180.1472 13.19536916332099
1 00049U 60009  A 67306.69335018  .00146373 +00000-0 +00000-0 0  9999
2 00049 047.2548 061.5556 0364850 186.1339 173.4870 13.20036261332305
1 00049U 60009  A 67309.64449997  .00139620 +00000-0 +00000-0 0  9996
2 00049 047.2468 050.5205 0367368 198.9229 159.7552 13.20836526332699
1 00049U 60009  A 67311.38432865  .00129006 +00000-0 +00000-0 0  9993
2 00049 047.2416 043.9921 0365164 206.0257 152.1719 13.21200053332926
1 00049U 60009  A 67312.74561783  .00120972 +00000-0 +00000-0 0  9999
2 00049 047.2385 038.9041 0365042 212.1178 145.6851 13.21457526333107
1 00049U 60009  A 67313.72866127  .00112109 +00000-0 +00000-0 0  9991
2 00049 047.2509 035.2524 0369540 216.8575 140.6245 13.21601395333231
1 00049U 60009  A 67314.63588924  .00108573 +00000-0 +00000-0 0  9998
2 00049 047.2563 031.8555 0370641 220.4202 136.8459 13.21771144333356
1 00049U 60009  A 67315.31623489  .00107382 +00000-0 +00000-0 0  9997
2 00049 047.2545 029.2963 0369494 223.0221 134.1087 13.21905630333441
1 00049U 60009  A 67317.65970737  .00087809 +00000-0 +00000-0 0  9998
2 00049 047.2101 020.5337 0378771 235.7284 120.7052 13.22125064333758
1 00049U 60009  A 67324.08094589  .00094663 +00000-0 +00000-0 0  9991
2 00049 047.2125 356.3961 0392538 264.4691 091.1178 13.23315713334603
1 00049U 60009  A 67324.45839814  .00099315 +00000-0 +00000-0 0  9999
2 00049 047.2328 354.9826 0397214 266.6142 088.9108 13.23436176334652
1 00049U 60009  A 67326.04345080  .00114688 +00000-0 +00000-0 0  9994
2 00049 047.2232 349.0113 0405464 273.4107 082.0360 13.23921094334860
1 00049U 60009  A 67327.40174140  .00125541 +00000-0 +00000-0 0  9992
2 00049 047.2469 343.8997 0407475 280.4014 075.1069 13.24333277335044
1 00049U 60009  A 67328.45787506  .00132930 +00000-0 +00000-0 0  9994
2 00049 047.2536 339.9304 0409246 284.9542 070.6260 13.24671050335182
1 00049U 60009  A 67329.43822941  .00158357 +00000-0 +00000-0 0  9997
2 00049 047.2618 336.2367 0423177 291.4003 064.2112 13.25115177335310
1 00049U 60009  A 67332.45348355  .00162045 +00000-0 +00000-0 0  9994
2 00049 047.2611 324.8502 0419883 302.8206 053.2773 13.26111912335717
1 00049U 60009  A 67340.80992456  .00147644 +00000-0 +00000-0 0  9997
2 00049 047.2530 293.2058 0443509 341.4093 017.0905 13.28644786336827
1 00049U 60009  A 67345.09496199  .00151588 +00000-0 +00000-0 0  9998
2 00049 047.2673 276.8960 0459034 359.6481 000.3906 13.29948938337392
1 00049U 60009  A 67345.09496303  .00148618 +00000-0 +00000-0 0  9995
2 00049 047.2541 276.8929 0447866 358.4753 001.4627 13.29923850337398
1 00049U 60009  A 67347.72413363  .00148832 +00000-0 +00000-0 0  9990
2 00049 047.2547 266.8595 0454443 009.7953 351.1319 13.30705209337749
1 00049U 60009  A 67347.72425062  .00144472 +00000-0 +00000-0 0  9995
2 00049 047.2625 266.8624 0459407 011.5089 349.5772 13.30660337337741
1 00049U 60009  A 67350.50199561  .00149604 +00000-0 +00000-0 0  9999
2 00049 047.2281 256.2645 0468967 023.8118 338.3602 13.31520797338111
1 00049U 60009  A 67351.17742071  .00147921 +00000-0 +00000-0 0  9993
2 00049 047.2334 253.6685 0468659 026.2646 336.1092 13.31704477338204
1 00049U 60009  A 67352.22763769  .00159162 +00000-0 +00000-0 0  9997
2 00049 047.2268 249.6747 0472396 031.5138 331.3028 13.32140562338343
1 00049U 60009  A 67352.22764149  .00159003 +00000-0 +00000-0 0  9994
2 00049 047.2261 249.6729 0472729 031.5508 331.2707 13.32138801338343
1 00049U 60009  A 67357.99085108  .00351954 +00000-0 +00000-0 0  9993
2 00049 047.2212 227.4471 0460691 055.2981 309.0296 13.36984273339118
1 00049U 60009  A 67358.36456402  .00349129 +00000-0 +00000-0 0  9995
2 00049 047.2166 226.0108 0460145 057.1043 307.3132 13.37219820339167
1 00049U 60009  A 67358.36490019  .00329049 +00000-0 +00000-0 0  9996
2 00049 047.2646 226.0651 0489076 059.3019 305.4999 13.37047241339160
1 00049U 60009  A 67359.93416814  .00268272 +00000-0 +00000-0 0  9991
2 00049 047.2540 220.0470 0491008 064.6106 300.4650 13.37702744339378
1 00049U 60009  A 67360.97957061  .00235234 +00000-0 +00000-0 0  9993
2 00049 047.2617 215.9918 0474100 069.3350 295.7575 13.38476655339518
1 00049U 60009  A 67362.62250246  .00228820 +00000-0 +00000-0 0  9991
2 00049 047.2611 209.6088 0492399 075.1921 290.2843 13.38768404339737
1 00049U 60009  A 67363.96587500  .00219847 +00000-0 +00000-0 0  9994
2 00049 047.2647 204.4009 0494145 081.1256 284.5102 13.39290727339914
1 00049U 60009  A 67365.97967208  .00217762 +00000-0 +00000-0 0  9998
2 00049 047.2627 196.5698 0497232 088.7823 276.9835 13.40165142340183
1 00049U 60009  A 68002.39584216  .00227128 +00000-0 +00000-0 0  9994
2 00049 047.2709 191.0726 0499668 094.5142 271.2851 13.40876698340372
1 00049U 60009  A 68002.39587765  .00225523 +00000-0 +00000-0 0  9993
2 00049 047.2712 191.0724 0497337 094.6150 271.1571 13.40856141340374
1 00049U 60009  A 68004.25667580  .00328242 +00000-0 +00000-0 0  9996
2 00049 047.2696 183.8584 0491393 101.8905 263.7372 13.42651755340623
1 00049U 60009  A 68005.81909503  .00307325 +00000-0 +00000-0 0  9992
2 00049 047.2853 177.7099 0492412 107.1548 258.3723 13.43507521340831
1 00049U 60009  A 68006.78560160  .00325618 +00000-0 +00000-0 0  9996
2 00049 047.2806 174.0060 0501073 113.4239 252.0017 13.44210054340962
1 00049U 60009  A 68006.78561589  .00315368 +00000-0 +00000-0 0  9993
2 00049 047.2882 173.9634 0491006 111.7613 253.6134 13.44178586340962
1 00049U 60009  A 68007.75152274  .00327267 +00000-0 +00000-0 0  9999
2 00049 047.2865 170.1546 0484584 114.5877 250.6165 13.44920054341091
1 00049U 60009  A 68012.12697781  .00450125 +00000-0 +00000-0 0  9993
2 00049 047.2890 153.0011 0474330 134.2387 229.8345 13.49248156341683
1 00049U 60009  A 68012.71927307  .00450458 +00000-0 +00000-0 0  9997
2 00049 047.2896 150.6530 0472889 136.7389 227.1534 13.49785626341762
1 00049U 60009  A 68013.08903882  .00491277 +00000-0 +00000-0 0  9994
2 00049 047.3073 149.2480 0462462 139.5882 224.0210 13.50390112341810
1 00049U 60009  A 68013.82848173  .00540911 +00000-0 +00000-0 0  9997
2 00049 047.2991 146.3384 0455968 142.6344 220.7061 13.51394622341919
1 00049U 60009  A 68015.08452990  .00577780 +00000-0 +00000-0 0  9999
2 00049 047.2659 141.3349 0440445 148.4972 214.2977 13.52959938342082
1 00049U 60009  A 68016.41315440  .00561698 +00000-0 +00000-0 0  9996
2 00049 047.2848 136.0443 0434505 153.9416 208.3932 13.54397615342267
1 00049U 60009  A 68016.56084952  .00520607 +00000-0 +00000-0 0  9998
2 00049 047.2810 135.5237 0432303 154.2994 207.9951 13.54372348342284
1 00049U 60009  A 68017.07724372  .00495130 +00000-0 +00000-0 0  9994
2 00049 047.2964 133.4471 0430571 156.5103 205.5980 13.54791983342357
1 00049U 60009  A 68017.74099492  .00414052 +00000-0 +00000-0 0  9990
2 00049 047.2679 130.8587 0413044 161.0513 200.6139 13.55136358342443
1 00049U 60009  A 68018.47825725  .00408061 +00000-0 +00000-0 0  9990
2 00049 047.2262 127.8950 0413175 164.1758 197.2367 13.55649668342549
1 00049U 60009  A 68018.77307812  .00305947 +00000-0 +00000-0 0  9994
2 00049 047.2947 126.7563 0438710 165.7137 195.6500 13.55650792342582
1 00049U 60009  A 68022.01365567  .00249964 +00000-0 +00000-0 0  9993
2 00049 047.2306 113.7908 0391824 180.8013 179.2160 13.57449410343020
1 00049U 60009  A 68023.55902291  .00229283 +00000-0 +00000-0 0  9996
2 00049 047.2256 107.6139 0390210 186.7448 172.7963 13.58108063343236
1 00049U 60009  A 68026.50039076  .00211090 +00000-0 +00000-0 0  9993
2 00049 047.2579 095.8350 0387905 200.8655 157.5889 13.59374255343633
1 00049U 60009  A 68027.23516195  .00272102 +00000-0 +00000-0 0  9997
2 00049 047.2586 092.8852 0384025 205.9317 152.1744 13.59901521343730
1 00049U 60009  A 68029.07123446  .00301993 +00000-0 +00000-0 0  9995
2 00049 047.2328 085.5352 0374528 214.9218 142.6448 13.61011880343980
1 00049U 60009  A 68033.10412009  .00418546 +00000-0 +00000-0 0  9993
2 00049 047.2455 069.3102 0359079 233.9691 122.7299 13.64308794344535
1 00049U 60009  A 68034.42170712  .00486335 +00000-0 +00000-0 0  9992
2 00049 047.2803 064.0170 0353011 241.2072 115.2820 13.65674314344716
1 00049U 60009  A 68035.51848392  .00594567 +00000-0 +00000-0 0  9996
2 00049 047.2680 059.5601 0342837 245.1485 111.3274 13.67158301344863
1 00049U 60009  A 68035.59172611  .00539524 +00000-0 +00000-0 0  9990
2 00049 047.2802 059.2715 0345181 246.7660 109.6414 13.67018735344872
1 00049U 60009  A 68038.00166940  .00467303 +00000-0 +00000-0 0  9992
2 00049 047.2438 049.4856 0336849 257.9573 098.3265 13.69350229345207
1 00049U 60009  A 68038.73126049  .00427519 +00000-0 +00000-0 0  9993
2 00049 047.2696 046.5326 0336022 262.0579 094.1936 13.69894631345309
1 00049U 60009  A 68039.38769963  .00381166 +00000-0 +00000-0 0  9990
2 00049 047.2656 043.8733 0333459 265.2611 091.0013 13.70289227345392
1 00049U 60009  A 68042.30213792  .00371883 +00000-0 +00000-0 0  9995
2 00049 047.2558 031.9921 0320277 279.3858 077.0846 13.72508457345796
1 00049U 60009  A 68043.32100622  .00424340 +00000-0 +00000-0 0  9992
2 00049 047.2547 027.8239 0318844 284.4648 072.0950 13.73438970345931
1 00049U 60009  A 68044.33939971  .00356185 +00000-0 +00000-0 0  9992
2 00049 047.2501 023.6558 0319384 289.1311 067.5145 13.74045230346073
1 00049U 60009  A 68045.13929969  .00298777 +00000-0 +00000-0 0  9999
2 00049 047.2508 020.3710 0311269 292.5104 064.3000 13.74409639346180
1 00049U 60009  A 68045.64828364  .00255516 +00000-0 +00000-0 0  9996
2 00049 047.2394 018.2857 0312357 295.0021 061.8617 13.74531787346250
1 00049U 60009  A 68048.19159775  .00242495 +00000-0 +00000-0 0  9994
2 00049 047.2531 007.8509 0301983 306.9523 050.3949 13.75739878346605
1 00049U 60009  A 68050.22451197  .00259714 +00000-0 +00000-0 0  9996
2 00049 047.2392 359.4899 0292831 318.3212 039.5583 13.76837254346882
1 00049U 60009  A 68052.18322186  .00284020 +00000-0 +00000-0 0  9996
2 00049 047.2359 351.4065 0288549 327.1672 031.1465 13.77979761347150
1 00049U 60009  A 68054.14027344  .00313078 +00000-0 +00000-0 0  9998
2 00049 047.2234 343.3275 0280793 338.1155 020.7824 13.79228852347429
1 00049U 60009  A 68055.08190847  .00313457 +00000-0 +00000-0 0  9992
2 00049 047.2261 339.4263 0277164 342.4757 016.6607 13.79827724347556
1 00049U 60009  A 68058.48307205  .00337338 +00000-0 +00000-0 0  9991
2 00049 047.2199 325.3136 0269604 001.3988 358.7491 13.82025192348023
1 00049U 60009  A 68059.20587195  .00365766 +00000-0 +00000-0 0  9996
2 00049 047.2289 322.3062 0262684 004.3498 355.9481 13.82643411348127
1 00049U 60009  A 68059.49493853  .00368020 +00000-0 +00000-0 0  9990
2 00049 047.2274 321.1086 0262393 005.8367 354.5375 13.82857723348166
1 00049U 60009  A 68060.72272144  .00423169 +00000-0 +00000-0 0  9992
2 00049 047.2228 315.9850 0260094 012.0163 348.6670 13.84043329348337
1 00049U 60009  A 68061.08361084  .00470597 +00000-0 +00000-0 0  9991
2 00049 047.2073 314.4970 0263825 016.4324 344.4812 13.84531730348389
1 00049U 60009  A 68063.03111280  .00439218 +00000-0 +00000-0 0  9994
2 00049 047.2578 306.3238 0261007 024.8738 336.4370 13.86190954348659
1 00049U 60009  A 68063.39162849  .00403361 +00000-0 +00000-0 0  9990
2 00049 047.2564 304.8168 0260940 026.1117 335.2562 13.86339795348704
1 00049U 60009  A 68063.68003529  .00375614 +00000-0 +00000-0 0  9990
2 00049 047.2584 303.6162 0257506 028.2901 333.1599 13.86432012348742
1 00049U 60009  A 68066.48856572  .00384302 +00000-0 +00000-0 0  9999
2 00049 047.2505 291.8655 0249531 043.9296 318.1030 13.88632237349129
1 00049U 60009  A 68068.07110003  .00340102 +00000-0 +00000-0 0  9998
2 00049 047.2407 285.1879 0246660 051.5779 310.6872 13.89628013349348
1 00049U 60009  A 68068.50252458  .00325970 +00000-0 +00000-0 0  9993
2 00049 047.2560 283.3836 0246173 053.3930 308.9227 13.89860597349405
1 00049U 60009  A 68069.07767221  .00302630 +00000-0 +00000-0 0  9993
2 00049 047.2594 280.9578 0243372 056.7457 305.6394 13.90124294349483
1 00049U 60009  A 68069.43726616  .00233988 +00000-0 +00000-0 0  9995
2 00049 047.2773 279.4788 0241764 059.5002 302.9413 13.90039586349535
1 00049U 60009  A 68074.46484628  .00238076 +00000-0 +00000-0 0  9991
2 00049 047.2662 258.3409 0239454 086.3522 276.4607 13.92400168350235
1 00049U 60009  A 68076.47329187  .00299694 +00000-0 +00000-0 0  9995
2 00049 047.2592 249.8551 0235369 097.1280 265.6323 13.93572624350516
1 00049U 60009  A 68078.40852603  .00260708 +00000-0 +00000-0 0  9998
2 00049 047.2431 241.6685 0230300 106.6500 255.9696 13.94533761350781
1 00049U 60009  A 68081.12975751  .00263669 +00000-0 +00000-0 0  9990
2 00049 047.2535 230.1221 0219679 120.1538 242.1205 13.95977626351163
1 00049U 60009  A 68081.70215484  .00296827 +00000-0 +00000-0 0  9996
2 00049 047.2323 227.6987 0214389 123.8976 238.2397 13.96427063351240
1 00049U 60009  A 68083.34712031  .00334253 +00000-0 +00000-0 0  9994
2 00049 047.2572 220.7141 0208435 131.7542 230.1264 13.97571339351470
1 00049U 60009  A 68085.27626291  .00424217 +00000-0 +00000-0 0  9990
2 00049 047.1978 212.4841 0190193 142.2420 219.1879 13.99214875351747
1 00049U 60009  A 68086.41820627  .00509680 +00000-0 +00000-0 0  9994
2 00049 047.2168 207.5984 0189962 148.4927 212.7394 14.00506971351907
1 00049U 60009  A 68089.19752318  .00591697 +00000-0 +00000-0 0  9992
2 00049 047.2268 195.6575 0180311 166.1258 194.4568 14.03650782352299
1 00049U 60009  A 68106.74669761  .00407091 +00000-0 +00000-0 0  9996
2 00049 047.2791 119.1326 0155560 273.3109 084.9897 14.18644318354776
1 00049U 60009  A 68109.42096564  .00433720 +00000-0 +00000-0 0  9997
2 00049 047.2778 107.3129 0155788 287.9430 070.4433 14.20949537355154
1 00049U 60009  A 68113.35422948  .00404588 +00000-0 +00000-0 0  9993
2 00049 047.2726 089.9126 0144409 310.1896 048.6330 14.24207905355717
1 00049U 60009  A 68115.31707642  .00524828 +00000-0 +00000-0 0  9998
2 00049 047.2825 081.1541 0134452 318.5548 040.5110 14.26368608355992
1 00049U 60009  A 68116.64742777  .00533730 +00000-0 +00000-0 0  9995
2 00049 047.2513 075.2491 0130283 331.9617 027.4203 14.27820690356182
1 00049U 60009  A 68120.07148963  .00619031 +00000-0 +00000-0 0  9993
2 00049 047.2180 059.8737 0113596 352.3849 007.5220 14.32029777356670
1 00049U 60009  A 68123.76368977  .00672830 +00000-0 +00000-0 0  9997
2 00049 047.2374 043.1321 0106678 020.4277 340.0740 14.36748078357209
1 00049U 60009  A 68124.07083333  .00000000 +00000-0 +00000-0 0  9996
2 00049 047.2250 041.7307 0106366 030.1007 120.7468 14.36090505357253
1 00049U 60009  A 68125.08404106  .00757218 +00000-0 +00000-0 0  9993
2 00049 047.2157 037.1300 0099228 029.4922 331.1425 14.38817378357399
1 00049U 60009  A 68127.78870081  .00728699 +00000-0 +00000-0 0  9992
2 00049 047.2154 024.7436 0093008 048.1065 312.7622 14.42739905357785
1 00049U 60009  A 68128.41172254  .00763460 +00000-0 +00000-0 0  9995
2 00049 047.2159 021.8886 0090170 054.4102 306.5060 14.43776395357878
1 00049U 60009  A 68130.13868382  .01242410 +00000-0 +00000-0 0  9999
2 00049 047.2177 013.9230 0080117 065.5534 295.3598 14.48508761358120
1 00049U 60009  A 68131.03508644  .01088973 +00000-0 +00000-0 0  9993
2 00049 047.2421 009.7669 0084574 077.8997 283.1266 14.50134156358258
1 00049U 60009  A 68133.78536833  .01083814 +00000-0 +00000-0 0  9997
2 00049 047.1903 356.9325 0072879 094.1417 266.7720 14.56122673358655
1 00049U 60009  A 68134.95069951  .01111418 +00000-0 +00000-0 0  9991
2 00049 047.2082 351.4509 0069582 102.3034 258.5571 14.58794445358828
1 00049U 60009  A 68136.93381457  .01183440 +00000-0 +00000-0 0  9993
2 00049 047.2031 342.0858 0071592 119.1861 241.6131 14.63406096359119
1 00049U 60009  A 68138.09300752  .01384447 +00000-0 +00000-0 0  9991
2 00049 047.2079 336.5528 0062274 127.2610 233.3898 14.66815890359287
1 00049U 60009  A 68138.77351901  .01594413 +00000-0 +00000-0 0  9994
2 00049 047.2348 333.3371 0062913 135.1159 225.4761 14.69201649359389
1 00049U 60009  A 68139.79189829  .01938746 +00000-0 +00000-0 0  9996
2 00049 047.2292 328.4444 0054280 143.0919 217.3644 14.73492610359535
1 00049U 60009  A 68141.48143561  .02906116 +00000-0 +00000-0 0  9995
2 00049 047.2212 320.2771 0048847 166.7988 193.4115 14.83104481359781
1 00049U 60009  A 68142.42166453  .03944618 +00000-0 +00000-0 0  9995
2 00049 047.2322 315.6127 0021099 190.2269 169.8120 14.91228928359921
1 00049U 60009  A 68143.35562928  .09632211 +00000-0 +00000-0 0  9994
2 00049 047.2047 310.9751 0024962 216.4352 143.4770 15.04330827360065
1 00049U 60009  A 68143.88550900  .08478069 +00000-0 +00000-0 0  9997
2 00049 047.2060 308.2643 0008001 158.4268 201.6894 15.13016378360142
1 00049U 60009  A 68144.08309839  .08074654 +00000-0 +00000-0 0  9995
2 00049 047.2055 307.3504 0087053 177.6892 182.4350 15.16086189360178
1 00049U 60009  A 68144.41141716  .12408009 +00000-0 +00000-0 0  9990
2 00049 047.1919 305.5442 0033457 280.3240 079.3817 15.26290152360221
1 00049U 60009  A 68144.86617407  .41988289 +00000-0 +00000-0 0  9999
2 00049 047.1857 303.1560 0018299 276.1888 083.6866 15.53427992360298