1 44057U 19010A   19059.06608101  .00000015  00000-0  00000+0 0  9992
2 44057  87.7699  70.7488 0017040 246.2190 220.4984 13.70597498    11
1 44057U 19010A   19059.14504817  .00000015  00000-0  00000+0 0  9990
2 44057  87.7747  70.7306 0014298 251.0683 244.8591 13.70027196    25
1 44057U 19010A   19059.33656968  .00000015  00000-0  00000+0 0  9996
2 44057  87.7726  70.6996 0015230 250.1017 109.8881 13.70055796    56
1 44057U 19010A   19059.57871521  .00000015  00000-0  00000+0 0  9996
2 44057  87.7681  70.6406 0014110 252.2457 221.3119 13.70041177    84
1 44057U 19010A   19059.84780772  .00000015  00000-0  00000+0 0  9993
2 44057  87.7707  70.5793 0014808 249.8663 110.1160 13.70050473   121
1 44057U 19010A   19059.84780772 +.00000015 +00000-0 +00000-0 0  9994
2 44057 087.7707 070.5793 0014808 249.8663 110.1160 13.70050473000121
1 44057U 19010A   19060.65117682  .00001726  00000-0  19460-2 0  9991
2 44057  87.7704  70.3908 0014739 247.5362 112.4345 13.70055138   233
1 44057U 19010A   19060.87027594  .00001097  00000-0  12307-2 0  9991
2 44057  87.7704  70.3402 0014774 246.7926 113.1662 13.70054451   268
1 44057U 19010A   19063.79162255  .00000209  00000-0  22060-3 0  9991
2 44057  87.7682  69.6606 0014814 237.0994 122.8328 13.70054054   662
1 44057U 19010A   19064.96017244 +.00000084 +00000-0 +78052-4 0  9992
2 44057 087.7696 069.3881 0014958 233.1171 126.8620 13.70054179000827
1 44057U 19010A   19065.10624016  .00000072  00000-0  64440-4 0  9993
2 44057  87.7696  69.3541 0014971 232.6234 127.3564 13.70054146   848
1 44057U 19010A   19065.76354499 +.00000049 +00000-0 +39239-4 0  9992
2 44057 087.7696 069.2012 0015018 230.4616 129.5219 13.70054095000937
1 44057U 19010A   19066.49388377  .00000022  00000-0  80521-5 0  9997
2 44057  87.7697  69.0312 0015064 228.0679 131.9198 13.70054018  1032
1 44057U 19010A   19066.56691764 +.00000020 +00000-0 +61983-5 0  9991
2 44057 087.7697 069.0142 0015070 227.8327 132.1555 13.70054015001045
1 44057U 19010A   19067.51635812  .00000008  00000-0 -83056-5 0  9991
2 44057  87.7698  68.7933 0015131 224.7706 135.2235 13.70053970  1177
1 44057U 19010A   19067.95456144 +.00000011 +00000-0 -43813-5 0  9999
2 44057 087.7699 068.6913 0015160 223.3470 136.6499 13.70053984001239
1 44057U 19010A   19068.53883255 +.00000009 +00000-0 -68428-5 0  9997
2 44057 087.7699 068.5554 0015199 221.4484 138.5525 13.70053979001319
1 44057U 19010A   19068.75793420 +.00000012 +00000-0 -38314-5 0  9990
2 44057 087.7700 068.5044 0015222 220.7333 139.2691 13.70053986001341
1 44057U 19010A   19069.92647647 +.00000020 +00000-0 +60415-5 0  9994
2 44057 087.7701 068.2325 0015314 216.9872 143.0235 13.70054041001506
1 44057U 19010A   19070.07254424  .00000020  00000-0  50980-5 0  9995
2 44057  87.7701  68.1985 0015327 216.5270 143.4847 13.70054048  1521
1 44057U 19010A   19070.43771370 +.00000027 +00000-0 +13492-4 0  9992
2 44057 087.7701 068.1136 0015358 215.3567 144.6577 13.70054095001579
1 44057U 19010A   19070.94895097 +.00000032 +00000-0 +19670-4 0  9991
2 44057 087.7701 067.9946 0015399 213.7269 146.2914 13.70054131001643
1 44057U 19010A   19071.46018823  .00000037  00000-0  25244-4 0  9992
2 44057  87.7702  67.8757 0015447 212.0910 147.9312 13.70054170  1713
1 44057U 19010A   19071.89839163 +.00000046 +00000-0 +34980-4 0  9994
2 44057 087.7702 067.7738 0015473 210.6905 149.3353 13.70054223001774
1 44057U 19010A   19072.48266280  .00000050  00000-0  40161-4 0  9997
2 44057  87.7703  67.6378 0015521 208.8363 151.1942 13.70054279  1850
1 44057U 19010A   19072.92086619 +.00000056 +00000-0 +46688-4 0  9998
2 44057 087.7703 067.5359 0015559 207.4564 152.5777 13.70054320001912
1 44057U 19010A   19073.50513736  .00000059  00000-0  49588-4 0  9993
2 44057  87.7704  67.3999 0015613 205.6198 154.4191 13.70054367  1995
1 44057U 19010A   19073.94334077 +.00000060 +00000-0 +51317-4 0  9995
2 44057 087.7704 067.2980 0015651 204.2325 155.8101 13.70054393002056
1 44057U 19010A   19074.52761195  .00000058  00000-0  48698-4 0  9990
2 44057  87.7705  67.1621 0015707 202.4217 157.6260 13.70054413  2138
1 44057U 19010A   19074.89278145 +.00000061 +00000-0 +52167-4 0  9998
2 44057 087.7705 067.0771 0015742 201.2765 158.7744 13.70054443002184
1 44057U 19010A   19075.47714876  .00000059  00000-0  50313-4 0  9997
2 44057  87.7708  66.9413 0016148 197.7327 162.3272 13.69899767  2262
1 44057U 19010A   19075.91540148 +.00000060 +00000-0 +50894-4 0  9991
2 44057 087.7708 066.8395 0016200 196.4202 163.6437 13.69900018002323
1 44057U 19010A   19076.49973837  .00000057  00000-0  47876-4 0  9992
2 44057  87.7708  66.7035 0016261 194.6266 165.4427 13.69900194  2403
1 44057U 19010A   19076.93799108 +.00000056 +00000-0 +46714-4 0  9997
2 44057 087.7708 066.6016 0016302 193.2857 166.7877 13.69900240002469
1 44057U 19010A   19077.44928581 +.00000053 +00000-0 +42762-4 0  9999
2 44057 087.7709 066.4827 0016355 191.7289 168.3493 13.69900335002533
1 44057U 19010A   19077.74145424  .00000051  00000-0  41183-4 0  9993
2 44057  87.7710  66.4149 0016395 190.8104 169.2707 13.69900358  2579
1 44057U 19010A   19077.96058057 +.00000050 +00000-0 +40354-4 0  9990
2 44057 087.7710 066.3640 0016412 190.1565 169.9267 13.69900391002607
1 44057U 19010A   19078.39883328 +.00000047 +00000-0 +36907-4 0  9990
2 44057 087.7711 066.2621 0016442 188.7817 171.3059 13.69900432002660
1 44057U 19010A   19079.49446478  .00000068  00000-0  60668-4 0  9997
2 44057  87.7713  66.0073 0016558 185.4341 174.6643 13.69900660  2810
1 44057U 19010A   19079.85967533 +.00000060 +00000-0 +50624-4 0  9990
2 44057 087.7713 065.9223 0016588 184.3812 175.7207 13.69900643002863
1 44057U 19010A   19080.29804317  .00000057  00000-0  47925-4 0  9996
2 44057  87.7719  65.8216 0016994 183.4309 176.6738 13.69558325  2924
1 44057U 19010A   19080.95558681 +.00000054 +00000-0 +44893-4 0  9997
2 44057 087.7716 065.6679 0016947 181.8228 178.2874 13.69557807003016
1 44057U 19010A   19081.83233228  .00000054  00000-0  44807-4 0  9997
2 44057  87.7716  65.4641 0016898 178.6453 181.4757 13.69518689  3136
1 44057U 19010A   19081.90539482 +.00000053 +00000-0 +43827-4 0  9996
2 44057 087.7716 065.4472 0016885 178.4032 181.7186 13.69518646003148
1 44057U 19010A   19082.85520688  .00000053  00000-0  43182-4 0  9993
2 44057  87.7717  65.2265 0016997 175.5293 184.6022 13.69518733  3270
1 44057U 19010A   19082.92826935 +.00000054 +00000-0 +44313-4 0  9993
2 44057 087.7717 065.2095 0017005 175.3054 184.8270 13.69518746003287
1 44057U 19010A   19083.80501895 +.00000028 +00000-0 +14182-4 0  9998
2 44057 087.7719 065.0059 0017101 172.7143 187.4270 13.69518699003404
1 44057U 19010A   19084.09726884  .00000011  00000-0 -42995-5 0  9994
2 44057  87.7720  64.9380 0017132 171.8489 188.2954 13.69518646  3442
1 44057U 19010A   19084.90095603 +.00000015 +00000-0 -46255-6 0  9990
2 44057 087.7721 064.7514 0017215 169.4819 190.6705 13.69518642003551
1 44057U 19010A   19085.48545560  .00000014  00000-0 -19103-5 0  9996
2 44057  87.7719  64.6159 0017270 168.0403 192.1172 13.69518670  3632
1 44057U 19010A   19085.92383037 +.00000014 +00000-0 -15096-5 0  9991
2 44057 087.7720 064.5141 0017312 166.7652 193.3967 13.69518676003699
1 44057U 19010A   19086.43526779 +.00000032 +00000-0 +19525-4 0  9999
2 44057 087.7723 064.3951 0017370 165.0307 195.1372 13.69518714003763
1 44057U 19010A   19086.87364258  .00000034  00000-0  21991-4 0  9991
2 44057  87.7724  64.2933 0017416 163.7541 196.4182 13.69518720  3826
1 44057U 19010A   19086.94670503 +.00000035 +00000-0 +22234-4 0  9994
2 44057 087.7724 064.2763 0017423 163.5445 196.6285 13.69518728003831
1 44057U 19010A   19087.01976749 +.00000033 +00000-0 +20516-4 0  9993
2 44057 087.7724 064.2594 0017430 163.3358 196.8380 13.69518720003843
1 44057U 19010A   19087.82357297  .00000070  00000-0  63062-4 0  9997
2 44057  87.7724  64.0733 0018048 161.4774 198.7048 13.69325752  3958
1 44057U 19010A   19088.48122750 +.00000068 +00000-0 +60763-4 0  9996
2 44057 087.7726 063.9202 0018171 159.6777 200.5111 13.69325925004044
1 44057U 19010A   19088.91966392 +.00000070 +00000-0 +62848-4 0  9991
2 44057 087.7727 063.8185 0018221 158.4331 201.7601 13.69325992004101
1 44057U 19010A   19089.86960938  .00000093  00000-0  89842-4 0  9994
2 44057  87.7728  63.5980 0018304 155.6927 204.5101 13.69326210  4238
1 44057U 19010A   19089.94268209 +.00000094 +00000-0 +91245-4 0  9996
2 44057 087.7729 063.5811 0018309 155.4854 204.7181 13.69326230004247
1 44057U 19010A   19090.96570020 +.00000064 +00000-0 +55778-4 0  9995
2 44057 087.7730 063.3437 0018415 152.5832 207.6305 13.69326249004388
1 44057U 19010A   19091.11184560  .00000072  00000-0  65006-4 0  9997
2 44057  87.7731  63.3098 0018434 152.1755 208.0395 13.69326291  4407
1 44057U 19010A   19091.91564546 +.00000060 +00000-0 +51490-4 0  9990
2 44057 087.7732 063.1233 0018512 149.8925 210.3304 13.69326343004512
1 44057U 19010A   19092.13486357  .00000060  00000-0  52043-4 0  9993
2 44057  87.7733  63.0725 0018534 149.2726 210.9524 13.69326362  4549
1 44057U 19010A   19092.93866333 +.00000053 +00000-0 +43532-4 0  9992
2 44057 087.7734 062.8860 0018606 147.0056 213.2270 13.69326424004654
1 44057U 19010A   19093.81553571  .00000049  00000-0  39039-4 0  9999
2 44057  87.7736  62.6826 0018687 144.5523 215.6884 13.69326475  4772
1 44057U 19010A   19093.96168109 +.00000047 +00000-0 +36755-4 0  9994
2 44057 087.7736 062.6487 0018699 144.1439 216.0981 13.69326489004790
1 44057U 19010A   19094.40021655  .00000047  00000-0  37230-4 0  9997
2 44057  87.7749  62.5468 0018728 142.8448 217.4013 13.68935452  4853
1 44057U 19010A   19094.91187122 +.00000046 +00000-0 +36219-4 0  9990
2 44057 087.7748 062.4285 0018778 141.5146 218.7358 13.68935544004920
1 44057U 19010A   19094.98496474 +.00000046 +00000-0 +35196-4 0  9993
2 44057 087.7749 062.4115 0018786 141.3086 218.9425 13.68935581004932
1 44057U 19010A   19096.37374187 -.01336072  00000-0 -17528+1 0  9993
2 44057  87.7819  62.0916 0019342 137.0424 213.3579 13.65058402  5128
1 44057U 19010A   19096.44905742  .00000056  00000-0  51024-4 0  9998
2 44057  87.7843  62.0721 0018759 136.5577 223.7064 13.64972829  5135
1 44057U 19010A   19096.66903983  .00000045  00000-0  37033-4 0  9999
2 44057  87.7925  62.0215 0017471 134.8863 225.3717 13.64321215  5166
1 44057U 19010A   19098.35875187  .00000050  00000-0  46989-4 0  9997
2 44057  87.7974  61.6369 0018669 130.5154 229.7631 13.59796786  5392
1 44057U 19010A   19098.57956457 +.00000054 +00000-0 +53708-4 0  9992
2 44057 087.8097 061.5992 0020395 134.9619 225.3194 13.59093287005429
1 44057U 19010A   19099.16872490  .00000055  00000-0  55555-4 0  9995
2 44057  87.7991  61.4557 0019440 129.8621 230.4248 13.58608327  5504
1 44057U 19010A   19099.90521210 +.00000059 +00000-0 +60143-4 0  9991
2 44057 087.7998 061.2916 0019097 127.5684 232.7209 13.58608583005607
1 44057U 19010A   19100.49440155  .00000063  00000-0  66277-4 0  9995
2 44057  87.8000  61.1591 0019159 126.0365 234.2569 13.58608516  5689
1 44057U 19010A   19100.64169888 +.00000046 +00000-0 +42685-4 0  9991
2 44057 087.8000 061.1259 0019164 125.6447 234.6496 13.58608511005703
1 44057U 19010A   19100.86275011  .00000046  00000-0  43499-4 0  9995
2 44057  87.7955  61.0708 0022625 127.8724 232.4481 13.57799820  5733
1 44057U 19010A   19102.41104780  .00000033  00000-0  26699-4 0  9991
2 44057  87.8064  60.7341 0020324 116.7919 243.5316 13.55912844  5945
1 44057U 19010A   19102.63248025  .00000047  00000-0  47007-4 0  9997
2 44057  87.8061  60.6828 0018828 117.7770 242.5294 13.55396247  5973
1 44057U 19010A   19106.41209933  .00000024  00000-0  15971-4 0  9992
2 44057  87.8333  59.8463 0019280 109.5848 250.7383 13.44941489  6487
1 44057U 19010A   19106.48649682 +.00000024 +00000-0 +15940-4 0  9994
2 44057 087.8322 059.8316 0019385 110.5712 249.7517 13.44883758006492
1 44057U 19010A   19106.93312729 +.00000023 +00000-0 +14536-4 0  9992
2 44057 087.8342 059.7407 0020294 109.8502 250.4833 13.43683447006552
1 44057U 19010A   19108.79614292 +.00000015 +00000-0 +16642-5 0  9990
2 44057 087.8375 059.3353 0020126 103.7411 256.5977 13.42608730006805
1 44057U 19010A   19109.16879843  .00000017  00000-0  47818-5 0  9998
2 44057  87.8375  59.2551 0020474 101.6254 258.7191 13.42484574  6857
1 44057U 19010A   19109.76516968  .00000019  00000-0  85409-5 0  9990
2 44057  87.8376  59.1232 0021082 102.0949 258.2560 13.41664955  6931
1 44057U 19010A   19109.91436022  .00000017  00000-0  51834-5 0  9992
2 44057  87.8409  59.0960 0020324  99.1741 261.1704 13.41270510  6954
1 44057U 19010A   19109.91436022 +.00000017 +00000-0 +51834-5 0  9992
2 44057 087.8409 059.0960 0020324 099.1741 261.1704 13.41270510006954
1 44057U 19010A   19110.51152327  .00000019  00000-0  89602-5 0  9999
2 44057  87.8389  58.9445 0022215 111.1383 249.2139 13.40067356  7035
1 44057U 19010A   19110.66090449  .00000021  00000-0  13645-4 0  9997
2 44057  87.8441  58.9353 0020568  97.8640 262.4840 13.39639932  7058
1 44057U 19010A   19111.33363930  .00000028  00000-0  26144-4 0  9995
2 44057  87.8425  58.7951 0021975  93.4858 266.8799 13.37674044  7140
1 44057U 19010A   19111.55807733  .00000027  00000-0  25469-4 0  9991
2 44057  87.8484  58.7495 0020526  94.4461 265.9027 13.37211526  7179
1 44057U 19010A   19111.85749808  .00000025  00000-0  22466-4 0  9994
2 44057  87.8577  58.6814 0020261  93.4334 266.9126 13.36393530  7211
1 44057U 19010A   19111.85749808 +.00000025 +00000-0 +22466-4 0  9994
2 44057 087.8577 058.6814 0020261 093.4334 266.9126 13.36393530007211
1 44057U 19010A   19112.38192691  .00000028  00000-0  28270-4 0  9997
2 44057  87.8456  58.5746 0021395  94.3252 266.0335 13.34823840  7288
1 44057U 19010A   19112.68184961  .00000031  00000-0  34463-4 0  9996
2 44057  87.8577  58.5137 0021083  93.2689 267.0864 13.34212222  7321
1 44057U 19010A   19112.90690794 +.00000033 +00000-0 +39501-4 0  9997
2 44057 087.8577 058.4628 0021032 093.2758 267.0789 13.33557154007350
1 44057U 19010A   19113.15900903 -.01097581  00000-0 -23783+1 0  9999
2 44057  87.8710  58.4234 0020731  97.0347  32.4861 13.32783958  7383
1 44057U 19010A   19113.50757598  .00000038  00000-0  49924-4 0  9995
2 44057  87.8625  58.3268 0020084  94.5569 265.7866 13.31935572  7435
1 44057U 19010A   19113.80819263  .00000036  00000-0  47202-4 0  9991
2 44057  87.8641  58.2726 0020435  89.3430 271.0050 13.31096473  7477
1 44057U 19010A   19113.88337365 +.00000033 +00000-0 +42007-4 0  9992
2 44057 087.8648 058.2577 0020779 090.7928 269.5592 13.30649107007488
1 44057U 19010A   19113.95856692  .00000033  00000-0  41380-4 0  9992
2 44057  87.8648  58.2412 0020589  90.0578 270.2920 13.30684507  7497
1 44057U 19010A   19114.33470773  .00000029  00000-0  33228-4 0  9994
2 44057  87.8601  58.1661 0020830  90.9146 269.4379 13.29516454  7547
1 44057U 19010A   19115.46486180  .00000028  00000-0  33333-4 0  9994
2 44057  87.8744  57.9288 0020541  85.8662 274.4822 13.26588664  7696
1 44057U 19010A   19115.46486180 +.00000028 +00000-0 +33333-4 0  9994
2 44057 087.8744 057.9288 0020541 085.8662 274.4822 13.26588664007696
1 44057U 19010A   19115.76667783  .00000042  00000-0  65733-4 0  9992
2 44057  87.8757  57.8660 0020640  85.5921 274.7573 13.25782331  7735
1 44057U 19010A   19115.76667783 +.00000042 +00000-0 +65733-4 0  9992
2 44057 087.8757 057.8660 0020640 085.5921 274.7573 13.25782331007735
1 44057U 19010A   19116.37087406 -.01222490  00000-0 -30369+1 0  9997
2 44057  87.8744  57.7389 0021283  83.4143 276.9384 13.24040931  7810
1 44057U 19010A   19117.35431985  .00000001  00000-0 -28763-4 0  9990
2 44057  87.8689  57.5719 0026289  65.0902 295.2960 13.21447061  7943
1 44057U 19010A   19117.58151215  .00000006  00000-0 -17894-4 0  9998
2 44057  87.8899  57.4883 0020280  81.2216 279.1213 13.20857853  7978
1 44057U 19010A   19118.87112746  .00000016  00000-0  72045-5 0  9997
2 44057  87.8994  57.2295 0020818  75.2292 285.1144 13.17256295  8142
1 44057U 19010A   19118.87112746 +.00000016 +00000-0 +72045-5 0  9997
2 44057 087.8994 057.2295 0020818 075.2292 285.1144 13.17256295008142
1 44057U 19010A   19119.47900816 -.00000017  00000-0 -78506-4 0  9997
2 44057  87.8963  57.1157 0020665  75.9967 284.3460 13.16716482  8229
1 44057U 19010A   19119.93494727 -.00000029 +00000-0 -11082-3 0  9995
2 44057 087.8964 057.0244 0020657 074.8749 285.4665 13.16716525008286
1 44057U 19010A   19120.46711564 -.00000126  00000-0 -36887-3 0  9994
2 44057  87.9121  56.9058 0018264  77.5445 282.7728 13.15473709  8358
1 44057U 19010A   19120.77136213  .00191223  00000-0  50012+0 0  9999
2 44057  87.9012  56.8548 0020523  70.2277 289.6839 13.15106283  8397
1 44057U 19010A   19120.92362185 -.00000158 +00000-0 -45624-3 0  9990
2 44057 087.9001 056.8271 0020644 072.6778 287.6608 13.15081495008416
1 44057U 19010A   19121.15187464 -.00000151  00000-0 -43927-3 0  9998
2 44057  87.9002  56.7818 0020640  72.1575 288.1805 13.15081621  8448
1 44057U 19010A   19121.53229602 -.00022335  00000-0 -59869-1 0  9999
2 44057  87.8962  56.7055 0020146  71.6306 288.7148 13.15065559  8495
1 44057U 19010A   19121.83663313 -.00000117  00000-0 -34762-3 0  9994
2 44057  87.9003  56.6454 0020624  70.4359 289.8996 13.15081742  8530
1 44057U 19010A   19121.91271742 -.00000112 +00000-0 -33295-3 0  9999
2 44057 087.9003 056.6302 0020622 070.2525 290.0826 13.15081738008545
1 44057U 19010A   19122.59747614 -.00000059 +00000-0 -19219-3 0  9990
2 44057 087.9005 056.4939 0020612 068.5762 291.7564 13.15081696008633
1 44057U 19010A   19122.90181334 -.00000027 +00000-0 -10559-3 0  9999
2 44057 087.9005 056.4333 0020605 067.8318 292.4996 13.15081706008675
1 44057U 19010A   19123.13006625 -.00000000  00000-0 -34680-4 0  9997
2 44057  87.9005  56.3879 0020601  67.2699 293.0606 13.15081712  8707
1 44057U 19010A   19123.58657205 +.00000050 +00000-0 +98502-4 0  9998
2 44057 087.9006 056.2970 0020591 066.1488 294.1797 13.15081714008762
1 44057U 19010A   19124.42341163  .00000121  00000-0  28848-3 0  9999
2 44057  87.8953  56.1380 0017544  66.5475 293.7497 13.15288050  8876
1 44057U 19010A   19124.87985692  .00000149  00000-0  36330-3 0  9994
2 44057  87.8959  56.0301 0013838  51.5124 308.7245 13.15288858  8932
1 44057U 19010A   19124.87985692 +.00000149 +00000-0 +36330-3 0  9994
2 44057 087.8959 056.0301 0013838 051.5124 308.7245 13.15288858008932
1 44057U 19010A   19125.33628921  .00000172  00000-0  42438-3 0  9997
2 44057  87.8965  55.9517 0011398  69.4716 290.7636 13.15233179  8996
1 44057U 19010A   19126.40126949  .00000148  00000-0  35900-3 0  9998
2 44057  87.9005  55.7384 0006165  69.1466 291.0324 13.15429032  9137
1 44057U 19010A   19126.62947317  .00000144  00000-0  34896-3 0  9991
2 44057  87.9011  55.6938 0004971  60.6392 299.5234 13.15348119  9167
1 44057U 19010A   19127.84657531  .00000048  00000-0  93088-4 0  9994
2 44057  87.9006  55.4487 0002085  91.8948 268.2421 13.15304739  9324
1 44057U 19010A   19127.92264666 +.00000040 +00000-0 +71576-4 0  9996
2 44057 087.9006 055.4334 0002091 092.0399 268.0971 13.15304774009333
1 44057U 19010A   19129.13978837 -.00000071  00000-0 -22241-3 0  9993
2 44057  87.9007  55.1910 0002127  91.4897 268.6477 13.15304955  9492
1 44057U 19010A   19129.67228795 -.00000107 +00000-0 -31872-3 0  9993
2 44057 087.9008 055.0849 0002131 091.2835 268.8539 13.15304969009562
1 44057U 19010A   19130.43300179 -.00000132  00000-0 -38615-3 0  9996
2 44057  87.9009  54.9334 0002143  91.0555 269.0820 13.15305008  9662
1 44057U 19010A   19130.88943169 +.00000061 +00000-0 +12795-3 0  9997
2 44057 087.9008 054.8426 0002079 091.3046 268.8322 13.15305040009725
1 44057U 19010A   19131.34585862 -.00000084 +00000-0 -25848-3 0  9991
2 44057 087.9010 054.7516 0002149 090.6987 269.4389 13.15305187009789
1 44057U 19010A   19131.80228716 -.00000056  00000-0 -18351-3 0  9994
2 44057  87.9010  54.6607 0002153  90.5628 269.5749 13.15305226  9847
1 44057U 19010A   19132.48693005 +.00000006 +00000-0 -16835-4 0  9996
2 44057 087.9011 054.5244 0002162 090.2707 269.8671 13.15305304009933
1 44057U 19010A   19132.86728721 +.00000044 +00000-0 +84126-4 0  9991
2 44057 087.9011 054.4486 0002162 090.1665 269.9713 13.15305357009983
1 44057U 19010A   19133.17157297  .00000075  00000-0  16574-3 0  9995
2 44057  87.9012  54.3880 0002165  90.0607 270.0771 13.15305376 10024
1 44057U 19010A   19133.85621587 +.00000129 +00000-0 +31040-3 0  9993
2 44057 087.9012 054.2517 0002177 089.8859 270.2521 13.15305398010117
1 44057U 19010A   19134.23657301  .00000155  00000-0  37959-3 0  9993
2 44057  87.9012  54.1759 0002183  90.0729 270.0651 13.15305394 10164
1 44057U 19010A   19134.31264443 +.00000158 +00000-0 +38776-3 0  9994
2 44057 087.9012 054.1608 0002183 090.0033 270.1347 13.15305390010175
1 44057U 19010A   19135.30157263  .00000182  00000-0  45195-3 0  9995
2 44057  87.9011  53.9638 0002191  89.5469 270.5912 13.15305395 10301
1 44057U 19010A   19136.44264310  .00000140  00000-0  34022-3 0  9994
2 44057  87.9011  53.7365 0002206  89.2081 270.9302 13.15305390 10458
1 44057U 19010A   19137.81192706  .00000026  00000-0  35287-4 0  9993
2 44057  87.9011  53.4638 0002230  88.6716 271.4670 13.15305458 10632
1 44057U 19010A   19138.80085432 -.00000058 +00000-0 -18999-3 0  9997
2 44057 087.9011 053.2668 0002245 088.2133 271.9254 13.15305516010760
1 44057U 19010A   19139.02906836 -.00000076  00000-0 -23752-3 0  9995
2 44057  87.9011  53.2214 0002251  88.1997 271.9391 13.15305499 10796
1 44057U 19010A   19139.78978177 -.00000103 +00000-0 -30931-3 0  9993
2 44057 087.9011 053.0699 0002262 087.7783 272.3606 13.15305611010892
1 44057U 19010A   19140.17013858 -.00000105  00000-0 -31431-3 0  9992
2 44057  87.9012  52.9942 0002268  87.7087 272.4303 13.15305650 10949
1 44057U 19010A   19140.32228132 -.00000107 +00000-0 -31852-3 0  9991
2 44057 087.9012 052.9639 0002269 087.5924 272.5466 13.15305652010966
1 44057U 19010A   19140.85478097 -.00000085 +00000-0 -26193-3 0  9993
2 44057 087.9012 052.8578 0002272 087.0302 273.1089 13.15305729011038
1 44057U 19010A   19141.31120933 -.00000059  00000-0 -19190-3 0  9998
2 44057  87.9012  52.7669 0002277  86.7975 273.3415 13.15305775 11097
1 44057U 19010A   19141.84370911 -.00000014 +00000-0 -71119-4 0  9990
2 44057 087.9012 052.6608 0002280 086.6486 273.4905 13.15305844011169
1 44057U 19010A   19142.45228038  .00000045  00000-0  87106-4 0  9995
2 44057  87.9012  52.5397 0002283  86.1842 273.9549 13.15305896 11242
1 44057U 19010A   19142.83263734 +.00000087 +00000-0 +19837-3 0  9990
2 44057 087.9012 052.4640 0002279 086.0922 274.0469 13.15305977011293
1 44057U 19010A   19143.82156548  .00000175  00000-0  43164-3 0  9992
2 44057  87.9012  52.2670 0002283  85.6392 274.4999 13.15306068 11424
1 44057U 19010A   19144.81049330 +.00000207 +00000-0 +51818-3 0  9993
2 44057 087.9010 052.0700 0002284 085.1263 275.0128 13.15306076011551
1 44057U 19010A   19145.19085004  .00000199  00000-0  49727-3 0  9999
2 44057  87.9010  51.9943 0002281  84.9159 275.2232 13.15306042 11603
1 44057U 19010A   19145.79942300 +.00000179 +00000-0 +44244-3 0  9993
2 44057 087.9014 051.8748 0002503 090.3931 269.7485 13.15302470011682
1 44057U 19010A   19146.17978247  .00000154  00000-0  37529-3 0  9996
2 44057  87.9012  51.7970 0002242  84.0443 276.0943 13.15297242 11730
1 44057U 19010A   19146.63621329 +.00000120 +00000-0 +28454-3 0  9993
2 44057 087.9011 051.7061 0002238 083.6022 276.5363 13.15297307011792
1 44057U 19010A   19147.24478785  .00000056  00000-0  11451-3 0  9994
2 44057  87.9009  51.5852 0002254  84.0004 276.1383 13.15297025 11872
1 44057U 19010A   19147.77729050 -.00000015 +00000-0 -74709-4 0  9999
2 44057 087.9009 051.4791 0002252 083.5655 276.5732 13.15296985011941
1 44057U 19010A   19148.23372130 -.00000062 +00000-0 -19968-3 0  9991
2 44057 087.9009 051.3882 0002252 083.5667 276.5719 13.15297018012005
1 44057U 19010A   19149.07051126 -.00000126  00000-0 -37015-3 0  9997
2 44057  87.9010  51.2215 0002242  83.1405 276.9980 13.15297058 12111
1 44057U 19010A   19149.75515781 -.00000127 +00000-0 -37226-3 0  9999
2 44057 087.9009 051.0851 0002257 082.7903 277.3483 13.15297148012200
1 44057U 19010A   19150.13551707 -.00000118  00000-0 -34918-3 0  9996
2 44057  87.9009  51.0094 0002261  82.7949 277.3438 13.15297215 12254
1 44057U 19010A   19150.74409202 -.00000096 +00000-0 -29109-3 0  9996
2 44057 087.9009 050.8882 0002261 082.4642 277.6745 13.15297260012336
1 44057U 19010A   19151.27659520 -.00000058  00000-0 -18775-3 0  9990
2 44057  87.9009  50.7821 0002261  82.2030 277.9357 13.15297317 12400
1 44057U 19010A   19152.79803315  .00000100  00000-0  23229-3 0  9997
2 44057  87.9008  50.4790 0002255  81.6253 278.5133 13.15297461 12605
1 44057U 19010A   19152.95017681 -.00005303  00000-0 -14184-1 0  9998
2 44057  87.9026  50.4465 0001716  90.0260 270.1045 13.15285177 12620
1 44057U 19010A   19153.10232094 -.00000800  00000-0 -21668-2 0  9996
2 44057  87.9021  50.4179 0001727  70.7605 289.3711 13.15292324 12643
1 44057U 19010A   19153.78696770 +.00000186 +00000-0 +46290-3 0  9999
2 44057 087.9007 050.2820 0002256 081.3467 278.7918 13.15297530012735
1 44057U 19010A   19154.16732709  .00000204  00000-0  50997-3 0  9995
2 44057  87.9007  50.2063 0002248  81.1228 279.0157 13.15297515 12785
1 44057U 19010A   19154.77590195 +.00000210 +00000-0 +52691-3 0  9993
2 44057 087.9006 050.0850 0002248 080.9124 279.2261 13.15297493012860
1 44057U 19010A   19155.23233294  .00000203  00000-0  50811-3 0  9993
2 44057  87.9005  49.9941 0002244  80.7439 279.3945 13.15297504 12920
1 44057U 19010A   19155.76483560 +.00000181 +00000-0 +44731-3 0  9993
2 44057 087.9004 049.8879 0002244 080.5747 279.5637 13.15297535012999
1 44057U 19010A   19156.90591230 +.00000081 +00000-0 +18250-3 0  9990
2 44057 087.9003 049.6606 0002238 080.2393 279.8990 13.15297596013141
1 44057U 19010A   19157.74270187 -.00000011 +00000-0 -63408-4 0  9999
2 44057 087.9002 049.4938 0002247 079.9043 280.2341 13.15297597013252
1 44057U 19010A   19158.19913247 -.00000054  00000-0 -17682-3 0  9999
2 44057  87.9002  49.4029 0002245  79.8166 280.3217 13.15297644 13319
1 44057U 19010A   19158.73163493 -.00000094 +00000-0 -28364-3 0  9992
2 44057 087.9002 049.2968 0002246 079.6097 280.5286 13.15297675013380
1 44057U 19010A   19159.72056828 -.00000123  00000-0 -36236-3 0  9995
2 44057  87.9002  49.0997 0002237  79.2731 280.8651 13.15297773 13514
1 44057U 19010A   19160.70950199 -.00000084 +00000-0 -25930-3 0  9994
2 44057 087.9001 048.9025 0002232 078.7315 281.4066 13.15297920013645
1 44057U 19010A   19161.16593309 -.00000054  00000-0 -17917-3 0  9994
2 44057  87.9001  48.8115 0002231  78.6549 281.4832 13.15297937 13707
1 44057U 19010A   19161.62236422 -.00000014 +00000-0 -70836-4 0  9991
2 44057 087.9001 048.7205 0002229 078.5005 281.6375 13.15297970013766
1 44057U 19010A   19162.23093915  .00000042  00000-0  76951-4 0  9990
2 44057  87.9001  48.5993 0002217  78.1368 282.0011 13.15297964 13847
1 44057U 19010A   19162.76344213 +.00000096 +00000-0 +22203-3 0  9997
2 44057 087.9000 048.4932 0002210 077.9335 282.2043 13.15298011013911
1 44057U 19010A   19163.75237616  .00000171  00000-0  42177-3 0  9991
2 44057  87.8999  48.2960 0002194  77.5031 282.6344 13.15298039 14049
1 44057U 19010A   19164.89345339 +.00000189 +00000-0 +46844-3 0  9993
2 44057 087.8997 048.0685 0002183 077.1809 282.9565 13.15298034014195
1 44057U 19010A   19165.12166875  .00000185  00000-0  45844-3 0  9991
2 44057  87.8996  48.0230 0002179  77.0797 283.0576 13.15298065 14222
1 44057U 19010A   19165.19774056  .00000158  00000-0  38675-3 0  9998
2 44057  87.8995  48.0100 0001989  75.0745 285.0509 13.15296625 14235
1 44057U 19010A   19165.73024301 +.00000149 +00000-0 +36176-3 0  9993
2 44057 087.8995 047.9017 0002178 076.8314 283.3059 13.15298036014309
1 44057U 19010A   19166.26274537  .00000317  00000-0  81119-3 0  9994
2 44057  87.8984  47.7970 0002019  73.5688 286.5589 13.15298287 14373
1 44057U 19010A   19166.79524758 +.00000059 +00000-0 +12400-3 0  9995
2 44057 087.8994 047.6894 0002170 076.5256 283.6116 13.15298068014449
1 44057U 19010A   19167.70810851 -.00000026  00000-0 -10265-3 0  9992
2 44057  87.8993  47.5074 0002164  76.3148 283.8223 13.15298132 14564
1 44057U 19010A   19168.69704135 -.00000095 +00000-0 -28844-3 0  9996
2 44057 087.8992 047.3102 0002155 076.0242 284.1128 13.15298179014698
1 44057U 19010A   19169.15347202 -.00000109  00000-0 -32492-3 0  9996
2 44057  87.8991  47.2192 0002161  75.9005 284.2365 13.15298227 14752
1 44057U 19010A   19169.68597454 -.00000108 +00000-0 -32317-3 0  9995
2 44057 087.8991 047.1130 0002157 075.7261 284.4108 13.15298267014829
1 44057U 19010A   19170.21847721 -.00000095  00000-0 -28830-3 0  9991
2 44057  87.8991  47.0068 0002154  75.7498 284.3871 13.15298275 14899
1 44057U 19010A   19170.90312364 -.00000051 +00000-0 -17001-3 0  9997
2 44057 087.8990 046.8703 0002149 075.5973 284.5396 13.15298297014989
1 44057U 19010A   19171.66384175  .00000032  00000-0  50476-4 0  9991
2 44057  87.8989  46.7186 0002129  75.1948 284.9418 13.15298486 15088
1 44057U 19010A   19172.72884729  .00000130  00000-0  31164-3 0  9990
2 44057  87.8988  46.5062 0002115  75.1160 285.0204 13.15298557 15229
1 44057U 19010A   19173.71778075 +.00000185 +00000-0 +45823-3 0  9993
2 44057 087.8986 046.3090 0002100 075.0661 285.0701 13.15298588015355
1 44057U 19010A   19174.09813968  .00000190  00000-0  47118-3 0  9991
2 44057  87.8986  46.2331 0002083  74.8807 285.2554 13.15298567 15402
1 44057U 19010A   19174.70671378 +.00000184 +00000-0 +45546-3 0  9992
2 44057 087.8986 046.1117 0002076 074.7704 285.3655 13.15298603015482
1 44057U 19010A   19175.16314426  .00000158  00000-0  38739-3 0  9998
2 44057  87.8985  46.0206 0002063  74.6811 285.4547 13.15298580 15545
1 44057U 19010A   19175.54350295 +.00000134 +00000-0 +32211-3 0  9997
2 44057 087.8985 045.9447 0002059 074.4754 285.6604 13.15298581015591
1 44057U 19010A   19176.15207670 +.00000074 +00000-0 +16402-3 0  9990
2 44057 087.8984 045.8233 0002044 074.3182 285.8174 13.15298565015675
1 44057U 19010A   19177.14100897 -.00000024  00000-0 -98401-4 0  9990
2 44057  87.8983  45.6260 0002028  74.1783 285.9570 13.15298586 15808
1 44057U 19010A   19177.52136757 -.00000056 +00000-0 -18467-3 0  9994
2 44057 087.8983 045.5501 0002022 073.8539 286.2813 13.15298589015856
1 44057U 19010A   19178.12994143 -.00000107 +00000-0 -31885-3 0  9998
2 44057 087.8983 045.4287 0002013 073.6882 286.4470 13.15298576015931
1 44057U 19010A   19179.11887417 -.00000130  00000-0 -37987-3 0  9998
2 44057  87.8982  45.2314 0001998  73.4510 286.6840 13.15298648 16064
1 44057U 19010A   19179.87959198 -.00000106 +00000-0 -31665-3 0  9997
2 44057 087.8982 045.0796 0001985 073.3159 286.8189 13.15298682016167
1 44057U 19010A   19180.18387910 -.00000084  00000-0 -25776-3 0  9991
2 44057  87.8981  45.0189 0001982  73.2417 286.8930 13.15298745 16204
1 44057U 19010A   19180.71638168 -.00000038 +00000-0 -13417-3 0  9992
2 44057 087.8981 044.9127 0001970 073.1858 286.9488 13.15298804016271
1 44057U 19010A   19181.47709983  .00000038  00000-0  66191-4 0  9996
2 44057  87.8980  44.7609 0001955  73.1241 287.0103 13.15298832 16370
1 44057U 19010A   19181.70531520 +.00000065 +00000-0 +13989-3 0  9998
2 44057 087.8980 044.7153 0001946 072.9341 287.2002 13.15298888016407
1 44057U 19010A   19182.69424865  .00000158  00000-0  38733-3 0  9997
2 44057  87.8978  44.5180 0001926  72.7766 287.3575 13.15298949 16537
1 44057U 19010A   19183.68318178 +.00000205 +00000-0 +51214-3 0  9998
2 44057 087.8977 044.3206 0001909 072.9272 287.2067 13.15298983016665
1 44057U 19010A   19184.13961228  .00000205  00000-0  51111-3 0  9995
2 44057  87.8976  44.2295 0001895  72.8088 287.3249 13.15298985 16721
1 44057U 19010A   19184.51997098 +.00000194 +00000-0 +48367-3 0  9997
2 44057 087.8975 044.1537 0001888 072.7234 287.4103 13.15298983016775
1 44057U 19010A   19185.50890326  .00000118  00000-0  27941-3 0  9994
2 44057  87.8974  43.9562 0001869  72.9537 287.1797 13.15298938 16907
1 44057U 19010A   19185.66104666 +.00000101 +00000-0 +23590-3 0  9994
2 44057 087.8973 043.9259 0001867 073.0255 287.1080 13.15298934016929
1 44057U 19010A   19186.64997858 -.00000002  00000-0 -38432-4 0  9990
2 44057  87.8972  43.7285 0001847  72.9626 287.1707 13.15298961 17054
1 44057U 19010A   19187.63891055 -.00000096 +00000-0 -28954-3 0  9992
2 44057 087.8972 043.5311 0001833 073.2038 286.9293 13.15298994017185
1 44057U 19010A   19188.09534076 -.00000123  00000-0 -36316-3 0  9992
2 44057  87.8972  43.4400 0001826  73.4815 286.6516 13.15299032 17246
1 44057U 19010A   19188.85605801 -.00000144 +00000-0 -41706-3 0  9993
2 44057 087.8972 043.2881 0001810 073.3981 286.7348 13.15299040017347
1 44057U 19010A   19189.16034497 -.00000140  00000-0 -40765-3 0  9995
2 44057  87.8972  43.2274 0001809  73.5841 286.5488 13.15299086 17385
1 44057U 19010A   19189.84499084 -.00000111 +00000-0 -32932-3 0  9992
2 44057 087.8971 043.0907 0001798 073.7702 286.3626 13.15299102017471
1 44057U 19010A   19190.45356505 -.00000064  00000-0 -20379-3 0  9990
2 44057  87.8971  42.9692 0001784  73.7949 286.3378 13.15299134 17556
1 44057U 19010A   19190.83392399 -.00000022 +00000-0 -91731-4 0  9998
2 44057 087.8971 042.8933 0001781 073.9182 286.2144 13.15299175017602
1 44057U 19010A   19191.82285732  .00000081  00000-0  18299-3 0  9990
2 44057  87.8971  42.6958 0001759  74.0357 286.0967 13.15299191 17731
1 44057U 19010A   19191.82285732 +.00000081 +00000-0 +18299-3 0  9990
2 44057 087.8971 042.6958 0001759 074.0357 286.0967 13.15299191017731
1 44057U 19010A   19193.80072326  .00000196  00000-0  48927-3 0  9991
2 44057  87.8968  42.3009 0001712  74.2789 285.8530 13.15299217 17991
1 44057U 19010A   19193.87679500 +.00000197 +00000-0 +49134-3 0  9997
2 44057 087.8968 042.2858 0001711 074.3589 285.7729 13.15299227018003
1 44057U 19010A   19194.94179898 +.00000154 +00000-0 +37531-3 0  9992
2 44057 087.8966 042.0731 0001694 074.9953 285.1364 13.15299240018149
1 44057U 19010A   19195.09394239  .00000138  00000-0  33441-3 0  9995
2 44057  87.8966  42.0427 0001691  75.1195 285.0122 13.15299225 18165
1 44057U 19010A   19195.62644421 +.00000092 +00000-0 +21121-3 0  9996
2 44057 087.8965 041.9364 0001685 075.3714 284.7603 13.15299227018234
1 44057U 19010A   19196.46323264  .00000008  00000-0 -14037-4 0  9995
2 44057  87.8964  41.7693 0001670  75.7214 284.4101 13.15299243 18349
1 44057U 19010A   19197.07180603 -.00000053 +00000-0 -17467-3 0  9991
2 44057 087.8964 041.6477 0001661 076.1873 283.9441 13.15299276018420
1 44057U 19010A   19198.06073803 -.00000123  00000-0 -36274-3 0  9999
2 44057  87.8963  41.4502 0001643  76.3449 283.7864 13.15299283 18556
1 44057U 19010A   19199.12574205 -.00000125  00000-0 -36639-3 0  9996
2 44057  87.8963  41.2375 0001623  76.5959 283.5352 13.15299372 18692
1 44057U 19010A   19199.65824425 -.00000101 +00000-0 -30378-3 0  9994
2 44057 087.8963 041.1312 0001609 076.6285 283.5025 13.15299395018769
1 44057U 19010A   19200.49503360 -.00000033  00000-0 -12121-3 0  9991
2 44057  87.8963  40.9640 0001595  76.3359 283.7948 13.15299464 18878
1 44057U 19010A   19200.87539246 +.00000004 +00000-0 -23155-4 0  9992
2 44057 087.8964 040.8881 0001587 076.7160 283.4147 13.15299468018928
1 44057U 19010A   19201.78825362  .00000099  00000-0  23096-3 0  9996
2 44057  87.8964  40.7058 0001571  77.4341 282.6965 13.15299548 19047
1 44057U 19010A   19202.92932990 +.00000169 +00000-0 +41541-3 0  9992
2 44057 087.8964 040.4779 0001547 078.1941 281.9362 13.15299538019199
1 44057U 19010A   19203.08147339  .00000170  00000-0  41908-3 0  9994
2 44057  87.8963  40.4476 0001543  78.0118 282.1185 13.15299523 19216
1 44057U 19010A   19203.91826232 +.00000165 +00000-0 +40576-3 0  9996
2 44057 087.8963 040.2805 0001531 078.9323 281.1979 13.15299478019325
1 44057U 19010A   19204.45076421  .00000143  00000-0  34789-3 0  9998
2 44057  87.8962  40.1741 0001525  79.2259 280.9043 13.15299479 19394
1 44057U 19010A   19204.60290758 +.00000133 +00000-0 +32047-3 0  9990
2 44057 087.8962 040.1437 0001523 079.3737 280.7564 13.15299476019412
1 44057U 19010A   19205.59184184  .00000045  00000-0  84660-4 0  9995
2 44057  87.8961  39.9459 0001483  80.8545 279.2753 13.15293916 19540
1 44057U 19010A   19206.58077707 -.00000048 +00000-0 -16159-3 0  9999
2 44057 087.8961 039.7486 0001528 080.2140 279.9163 13.15294702019673
1 44057U 19010A   19207.03720873 -.00000085  00000-0 -26136-3 0  9996
2 44057  87.8961  39.6575 0001522  80.8546 279.2757 13.15294724 19734
1 44057U 19010A   19207.95007228 -.00000129 +00000-0 -37733-3 0  9993
2 44057 087.8962 039.4751 0001510 081.6877 278.4425 13.15294753019850
1 44057U 19010A   19208.10221618 -.00000125  00000-0 -36731-3 0  9995
2 44057  87.8961  39.4447 0001497  82.6927 277.4373 13.15294800 19878
1 44057U 19010A   19208.93900800 -.00000090 +00000-0 -27442-3 0  9993
2 44057 087.8962 039.2775 0001482 084.3102 275.8197 13.15294971019986
1 44057U 19010A   19209.92794429 -.00000030 +00000-0 -11454-3 0  9991
2 44057 087.8962 039.0800 0001477 083.9013 276.2286 13.15294996020111
1 44057U 19010A   19210.53652053 +.00000024 +00000-0 +29001-4 0  9995
2 44057 087.8962 038.9585 0001472 084.2656 275.8642 13.15295030020190
1 44057U 19010A   19211.90581702 +.00000149 +00000-0 +36368-3 0  9990
2 44057 087.8963 038.6850 0001458 084.9897 275.1400 13.15295095020377
1 44057U 19010A   19212.89475300 +.00000192 +00000-0 +47905-3 0  9992
2 44057 087.8963 038.4875 0001452 085.9276 274.2020 13.15295126020506
1 44057U 19010A   19213.88368855 +.00000172 +00000-0 +42426-3 0  9999
2 44057 087.8962 038.2900 0001448 086.5273 273.6022 13.15295118020631
1 44057U 19010A   19214.87262370 +.00000093 +00000-0 +21494-3 0  9998
2 44057 087.8962 038.0925 0001443 087.2047 272.9248 13.15295088020760
1 44057U 19010A   19215.55727087  .00000030  00000-0  44861-4 0  9990
2 44057  87.8963  37.9558 0001439  87.9495 272.1800 13.15295148 20853
1 44057U 19010A   19216.92656536 -.00000097 +00000-0 -29193-3 0  9997
2 44057 087.8964 037.6824 0001432 089.3125 270.8170 13.15295183021031
1 44057U 19010A   19217.07870920 -.00000107  00000-0 -31860-3 0  9995
2 44057  87.8964  37.6520 0001432  89.4310 270.6984 13.15295195 21057
1 44057U 19010A   19217.91550062 -.00000134 +00000-0 -39116-3 0  9992
2 44057 087.8965 037.4849 0001430 090.0486 270.0808 13.15295228021168
1 44057U 19010A   19218.44800440 -.00000128  00000-0 -37600-3 0  9998
2 44057  87.8966  37.3785 0001425  90.5146 269.6148 13.15295246 21238
1 44057U 19010A   19219.58908433 -.00000059  00000-0 -19220-3 0  9996
2 44057  87.8968  37.1507 0001423  91.4913 268.6380 13.15295304 21388
1 44057U 19010A   19219.89337240 -.00000028 +00000-0 -10947-3 0  9995
2 44057 087.8968 037.0899 0001421 091.7466 268.3827 13.15295318021428
1 44057U 19010A   19220.57802052 +.00000045 +00000-0 +86239-4 0  9995
2 44057 087.8968 036.9532 0001427 091.9202 268.2092 13.15295383021511
1 44057U 19010A   19220.95838062  .00000087  00000-0  19820-3 0  9994
2 44057  87.8969  36.8772 0001426  92.1641 267.9652 13.15295403 21562
1 44057U 19010A   19221.94731145 +.00000173 +00000-0 +42752-3 0  9994
2 44057 087.8969 036.6799 0001415 093.5178 266.6114 13.15300430021697
1 44057U 19010A   19222.09945484  .00000182  00000-0  45039-3 0  9995
2 44057  87.8970  36.6496 0001415  93.7729 266.3563 13.15300437 21712
1 44057U 19010A   19222.86017184 +.00000208 +00000-0 +52063-3 0  9991
2 44057 087.8970 036.4977 0001418 094.2655 265.8637 13.15300347021818
1 44057U 19010A   19222.93624350 +.00000208 +00000-0 +52051-3 0  9995
2 44057 087.8970 036.4824 0001421 094.2094 265.9198 13.15300380021821
1 44057U 19010A   19224.53374807  .00000119  00000-0  28304-3 0  9997
2 44057  87.8969  36.1635 0001469  95.3234 264.8064 13.15300394 22035
1 44057U 19010A   19225.90303701 -.00000022 +00000-0 -91609-4 0  9998
2 44057 087.8971 035.8902 0001483 096.2673 263.8626 13.15300451022211
1 44057U 19010A   19225.97910865 -.00000031  00000-0 -11793-3 0  9995
2 44057  87.8971  35.8750 0001485  96.1536 263.9763 13.15300436 22228
1 44057U 19010A   19226.89196803 -.00000107 +00000-0 -31897-3 0  9996
2 44057 087.8972 035.6928 0001492 096.7348 263.3952 13.15300473022347
1 44057U 19010A   19227.42446948 -.00000130  00000-0 -38164-3 0  9994
2 44057  87.8973  35.5865 0001495  96.7969 263.3332 13.15300496 22414
1 44057U 19010A   19227.50054109 -.00000133 +00000-0 -38832-3 0  9992
2 44057 087.8973 035.5713 0001495 096.9249 263.2051 13.15300509022422
1 44057U 19010A   19228.48947266 -.00000125  00000-0 -36766-3 0  9990
2 44057  87.8975  35.3739 0001497  97.8182 262.3118 13.15300563 22556
1 44057U 19010A   19228.86983110 -.00000106 +00000-0 -31628-3 0  9991
2 44057 087.8976 035.2980 0001500 098.0482 262.0818 13.15300571022604
1 44057U 19010A   19229.78269145 -.00000029  00000-0 -11129-3 0  9996
2 44057  87.8978  35.1159 0001498  98.9548 261.1751 13.15300618 22722
1 44057U 19010A   19229.85876316 -.00000021 +00000-0 -89695-4 0  9994
2 44057 087.8978 035.1007 0001500 099.0451 261.0849 13.15300628022732
1 44057U 19010A   19230.84769535  .00000082  00000-0  18489-3 0  9996
2 44057  87.8980  34.9033 0001503 100.0166 260.1133 13.15300677 22864
1 44057U 19010A   19230.92376706 +.00000087 +00000-0 +19851-3 0  9998
2 44057 087.8980 034.8882 0001503 100.1604 259.9695 13.15300672022878
1 44057U 19010A   19231.91269912 +.00000161 +00000-0 +39477-3 0  9997
2 44057 087.8981 034.6909 0001505 101.1715 258.9584 13.15300668023000
1 44057U 19010A   19231.98877081  .00000163  00000-0  39916-3 0  9996
2 44057  87.8981  34.6757 0001505 101.2594 258.8706 13.15300655 23019
1 44057U 19010A   19232.90163085 +.00000179 +00000-0 +44249-3 0  9993
2 44057 087.8982 034.4936 0001507 102.0212 258.1087 13.15300631023137
1 44057U 19010A   19233.51020403  .00000159  00000-0  39001-3 0  9995
2 44057  87.8982  34.3722 0001519 102.2822 257.8478 13.15300610 23217
1 44057U 19010A   19233.89056215 +.00000137 +00000-0 +33029-3 0  9996
2 44057 087.8983 034.2963 0001518 102.7054 257.4245 13.15300603023260
1 44057U 19010A   19234.49913510 +.00000088 +00000-0 +20137-3 0  9994
2 44057 087.8983 034.1749 0001533 102.7677 257.3625 13.15300597023341
1 44057U 19010A   19235.41199437 -.00000001  00000-0 -35739-4 0  9993
2 44057  87.8984  33.9928 0001540 103.3378 256.7923 13.15300589 23469
1 44057U 19010A   19235.94449558 -.00000050 +00000-0 -16660-3 0  9998
2 44057 087.8985 033.8866 0001557 103.3457 256.7847 13.15300625023530
1 44057U 19010A   19236.47699683 -.00000086  00000-0 -26250-3 0  9998
2 44057  87.8986  33.7804 0001560 103.6105 256.5199 13.15300667 23601
1 44057U 19010A   19236.85735489 -.00000103 +00000-0 -30882-3 0  9991
2 44057 087.8987 033.7045 0001571 103.8061 256.3244 13.15300726023654
1 44057U 19010A   19237.84628621 -.00000117  00000-0 -34736-3 0  9997
2 44057  87.8989  33.5072 0001582 104.0594 256.0712 13.15300777 23787
1 44057U 19010A   19237.92235788 -.00000117 +00000-0 -34629-3 0  9995
2 44057 087.8989 033.4920 0001588 103.9400 256.1907 13.15300787023797
1 44057U 19010A   19238.45485953 -.00000098 +00000-0 -29665-3 0  9997
2 44057 087.8990 033.3858 0001592 103.9886 256.1422 13.15300811023869
1 44057U 19010A   19238.98736111 -.00000066  00000-0 -20985-3 0  9991
2 44057  87.8973  33.2808 0001361 111.3845 248.7430 13.15301053 23939
1 44057U 19010A   19239.82415579 +.00000007 +00000-0 -16690-4 0  9990
2 44057 087.8992 033.1127 0001639 103.8154 256.3158 13.15294496024047
1 44057U 19010A   19239.97629992  .00000020  00000-0  18335-4 0  9994
2 44057  87.8993  33.0823 0001639 103.8820 256.2493 13.15294474 24069
1 44057U 19010A   19240.88916467 +.00000103 +00000-0 +23955-3 0  9997
2 44057 087.8994 032.9003 0001645 104.1453 255.9860 13.15294482024187
1 44057U 19010A   19241.42166903  .00000139  00000-0  33757-3 0  9990
2 44057  87.8995  32.7942 0001656 104.3040 255.8274 13.15294496 24255
1 44057U 19010A   19241.87810127 +.00000161 +00000-0 +39508-3 0  9998
2 44057 087.8995 032.7032 0001661 104.5629 255.5686 13.15294475024314
1 44057U 19010A   19242.94310770 -.00000025 +00000-0 -10043-3 0  9990
2 44057 087.8993 032.4911 0001595 105.4843 254.6463 13.15294385024457
1 44057U 19010A   19243.77990008 -.00000011  00000-0 -64202-4 0  9992
2 44057  87.8995  32.3244 0001608 105.8714 254.2593 13.15294401 24564
1 44057U 19010A   19244.84490880  .00000011  00000-0 -37345-5 0  9992
2 44057  87.8999  32.1118 0001700 106.1183 254.0134 13.15294409 24706
1 44057U 19010A   19244.92098075 +.00000004 +00000-0 -23664-4 0  9991
2 44057 087.8999 032.0966 0001702 106.1361 253.9957 13.15294414024714
1 44057U 19010A   19245.83384435 -.00000076 +00000-0 -23563-3 0  9997
2 44057 087.9001 031.9147 0001721 106.2375 253.8945 13.15294426024837
1 44057U 19010A   19245.98598827 -.00000085  00000-0 -26156-3 0  9996
2 44057  87.9001  31.8844 0001726 106.2244 253.9077 13.15294446 24851
1 44057U 19010A   19246.89885210 -.00000125 +00000-0 -36799-3 0  9991
2 44057 087.9003 031.7024 0001734 106.3097 253.8224 13.15294484024976
1 44057U 19010A   19247.43135617 -.00000130  00000-0 -38064-3 0  9994
2 44057  87.9004  31.5963 0001736 106.4329 253.6992 13.15294482 25045
1 44057U 19010A   19247.88778833 -.00000118 +00000-0 -34747-3 0  9996
2 44057 087.9006 031.5053 0001746 106.4214 253.7108 13.15294505025104
1 44057U 19010A   19248.80065278 -.00000047  00000-0 -15998-3 0  9999
2 44057  87.9008  31.3235 0001751 106.6504 253.4818 13.15294613 25224
1 44057U 19010A   19248.87672481 -.00000038 +00000-0 -13446-3 0  9992
2 44057 087.9008 031.3083 0001754 106.5864 253.5459 13.15294646025235
1 44057U 19010A   19249.86566153  .00000063  00000-0  13347-3 0  9996
2 44057  87.9010  31.1112 0001766 106.7002 253.4322 13.15294724 25367
1 44057U 19010A   19250.85459821 +.00000149 +00000-0 +36324-3 0  9995
2 44057 087.9011 030.9142 0001781 106.7409 253.3916 13.15294752025499
1 44057U 19010A   19250.93067024  .00000153  00000-0  37466-3 0  9997
2 44057  87.9011  30.8991 0001781 106.7625 253.3700 13.15294754 25505
1 44057U 19010A   19251.91960660 +.00000191 +00000-0 +47391-3 0  9994
2 44057 087.9011 030.7021 0001801 106.7744 253.3584 13.15294748025630
1 44057U 19010A   19252.37603862  .00000189  00000-0  47097-3 0  9993
2 44057  87.9012  30.6112 0001815 106.6607 253.4723 13.15294755 25693
1 44057U 19010A   19252.90854251 +.00000161 +00000-0 +39481-3 0  9990
2 44057 087.9013 030.5051 0001822 106.7368 253.3963 13.15294703025764
1 44057U 19010A   19253.44104630  .00000122  00000-0  29224-3 0  9990
2 44057  87.9013  30.3990 0001833 106.5868 253.5464 13.15294677 25835
1 44057U 19010A   19253.82140607 +.00000086 +00000-0 +19459-3 0  9994
2 44057 087.9014 030.3233 0001837 106.7167 253.4165 13.15294653025880
1 44057U 19010A   19254.81034133 -.00000015  00000-0 -73581-4 0  9991
2 44057  87.9015  30.1263 0001857 106.5947 253.5388 13.15294658 26017
1 44057U 19010A   19254.88641350 +.00000016 +00000-0 +76751-5 0  9995
2 44057 087.9015 030.1115 0001785 106.6843 253.4483 13.15294633026028
1 44057U 19010A   19255.87534861 -.00000113 +00000-0 -33425-3 0  9992
2 44057 087.9018 029.9143 0001874 106.4860 253.6476 13.15294669026151
1 44057U 19010A   19255.95142057 -.00000118  00000-0 -34775-3 0  9997
2 44057  87.9018  29.8991 0001875 106.4364 253.6972 13.15294666 26160
1 44057U 19010A   19256.78821228 -.00000148 +00000-0 -42782-3 0  9993
2 44057 087.9020 029.7326 0001882 106.3174 253.8164 13.15294703026279
1 44057U 19010A   19257.09249810 -.00000151  00000-0 -43608-3 0  9991
2 44057  87.9015  29.6727 0001898 106.9694 253.1644 13.15299731 26314
1 44057U 19010A   19257.85321542 -.00000129 +00000-0 -37936-3 0  9990
2 44057 087.9023 029.5206 0001906 105.8716 254.2625 13.15299727026414
1 44057U 19010A   19258.46178932 -.00000089  00000-0 -27173-3 0  9998
2 44057  87.9025  29.3994 0001913 105.8273 254.3068 13.15299801 26497
1 44057U 19010A   19258.91821985 -.00000047 +00000-0 -15849-3 0  9992
2 44057 087.9026 029.3086 0001918 105.6387 254.4955 13.15299819026551
1 44057U 19010A   19259.75500924  .00000042  00000-0  76609-4 0  9997
2 44057  87.9027  29.1420 0001928 105.4979 254.6364 13.15299830 26669
1 44057U 19010A   19259.90715274 +.00000072 +00000-0 +15741-3 0  9992
2 44057 087.9028 029.1118 0001930 105.5103 254.6240 13.15299882026689
1 44057U 19010A   19260.82001383  .00000131  00000-0  31597-3 0  9997
2 44057  87.9029  28.9301 0001929 105.4665 254.6679 13.15299795 26804
1 44057U 19010A   19261.88501787  .00000197  00000-0  48978-3 0  9990
2 44057  87.9029  28.7181 0001943 105.3673 254.7672 13.15299938 26940
1 44057U 19010A   19261.88501787 +.00000197 +00000-0 +48978-3 0  9990
2 44057 087.9029 028.7181 0001943 105.3673 254.7672 13.15299938026940
1 44057U 19010A   19262.87394979 +.00000167 +00000-0 +41121-3 0  9993
2 44057 087.9030 028.5213 0001947 105.2804 254.8541 13.15299936027074
1 44057U 19010A   19263.10216481  .00000155  00000-0  37783-3 0  9997
2 44057  87.9030  28.4759 0001956 105.0699 255.0647 13.15299934 27100
1 44057U 19010A   19263.86288131 +.00000085 +00000-0 +19369-3 0  9993
2 44057 087.9030 028.3245 0001962 105.0667 255.0680 13.15299944027200
1 44057U 19010A   19264.39538284  .00000031  00000-0  47621-4 0  9993
2 44057  87.9031  28.2186 0001979 104.7853 255.3496 13.15299945 27271
1 44057U 19010A   19265.76467240 -.00000094  00000-0 -28581-3 0  9992
2 44057  87.9033  27.9462 0001991 104.5157 255.6194 13.15300009 27457
1 44057U 19010A   19266.75360401 -.00000126 +00000-0 -36950-3 0  9998
2 44057 087.9036 027.7494 0002002 104.0262 256.1091 13.15300116027584
1 44057U 19010A   19267.13396247 -.00000125  00000-0 -36699-3 0  9997
2 44057  87.9036  27.6738 0002006 103.6168 256.5185 13.15300117 27633
1 44057U 19010A   19267.81860784 -.00000099 +00000-0 -29881-3 0  9999
2 44057 087.9038 027.5376 0002024 103.3011 256.8345 13.15300169027724
1 44057U 19010A   19268.42718153 -.00000047  00000-0 -15853-3 0  9996
2 44057  87.9039  27.4165 0002022 103.2990 256.8366 13.15300255 27801
1 44057U 19010A   19268.88361192 -.00000007 +00000-0 -52247-4 0  9998
2 44057 087.9040 027.3257 0002027 103.1586 256.9771 13.15300269027861
1 44057U 19010A   19269.79647267 +.00000086 +00000-0 +19398-3 0  9993
2 44057 087.9041 027.1441 0002028 103.0305 257.1052 13.15300322027982
1 44057U 19010A   19269.94861614  .00000093  00000-0  21472-3 0  9998
2 44057  87.9041  27.1138 0002031 103.0645 257.0712 13.15300293 28009
1 44057U 19010A   19270.86147682 +.00000154 +00000-0 +37741-3 0  9997
2 44057 087.9042 026.9323 0002028 102.9439 257.1918 13.15300261028125
1 44057U 19010A   19271.31790701  .00000170  00000-0  41875-3 0  9995
2 44057  87.9042  26.8415 0002031 102.9026 257.2331 13.15300262 28189
1 44057U 19010A   19271.85040879 +.00000175 +00000-0 +43275-3 0  9999
2 44057 087.9042 026.7355 0002030 102.8575 257.2782 13.15300261028255
1 44057U 19010A   19272.38291050  .00000157  00000-0  38385-3 0  9993
2 44057  87.9042  26.6296 0002035 102.5785 257.5573 13.15300229 28326
1 44057U 19010A   19272.83934042 +.00000128 +00000-0 +30835-3 0  9998
2 44057 087.9043 026.5388 0002035 102.6248 257.5110 13.15300201028386
1 44057U 19010A   19273.75220001  .00000057  00000-0  11765-3 0  9995
2 44057  87.9044  26.3572 0002038 102.3624 257.7734 13.15300225 28502
1 44057U 19010A   19273.82827164 +.00000050 +00000-0 +98192-4 0  9999
2 44057 087.9044 026.3421 0002039 102.3804 257.7554 13.15300227028519
1 44057U 19010A   19274.74113115 -.00000034 +00000-0 -12387-3 0  9990
2 44057 087.9045 026.1605 0002041 102.0456 258.0903 13.15300255028631
1 44057U 19010A   19275.34970720 -.00000083  00000-0 -25446-3 0  9994
2 44057  87.9046  26.0396 0002086 101.3827 258.7538 13.15295028 28712
1 44057U 19010A   19276.71900223 -.00000124  00000-0 -36414-3 0  9990
2 44057  87.9046  25.7674 0002087 100.6172 259.5193 13.15295309 28890
1 44057U 19010A   19276.87114617 -.00000123 +00000-0 -36198-3 0  9999
2 44057 087.9047 025.7371 0002085 100.5293 259.6072 13.15295305028912
1 44057U 19010A   19277.78400999 -.00000079  00000-0 -24548-3 0  9997
2 44057  87.9048  25.5556 0002086 100.2988 259.8377 13.15295373 29034
1 44057U 19010A   19277.86008189 -.00000033 +00000-0 -12213-3 0  9997
2 44057 087.9048 025.5404 0002079 100.3170 259.8194 13.15295518029041
1 44057U 19010A   19278.84901802 +.00000034 +00000-0 +55580-4 0  9994
2 44057 087.9049 025.3438 0002086 099.8648 260.2718 13.15295502029172
1 44057U 19010A   19279.15330602  .00000069  00000-0  14957-3 0  9993
2 44057  87.9049  25.2833 0002086  99.7522 260.3844 13.15295549 29217
1 44057U 19010A   19279.83795399 +.00000131 +00000-0 +31615-3 0  9996
2 44057 087.9050 025.1472 0002080 099.4792 260.6573 13.15295611029309
1 44057U 19010A   19280.37045791  .00000165  00000-0  40695-3 0  9996
2 44057  87.9050  25.0414 0002089  99.4148 260.7219 13.15295626 29379
1 44057U 19010A   19280.82688979 +.00000178 +00000-0 +43931-3 0  9997
2 44057 087.9051 024.9507 0002077 099.2153 260.9212 13.15295582029435
1 44057U 19010A   19281.73975327  .00000170  00000-0  41987-3 0  9995
2 44057  87.9051  24.7692 0002078  99.0612 261.0753 13.15295525 29559
1 44057U 19010A   19281.81582521 +.00000167 +00000-0 +40989-3 0  9991
2 44057 087.9051 024.7540 0002079 099.0245 261.1120 13.15295520029569
1 44057U 19010A   19282.80476013  .00000111  00000-0  26051-3 0  9992
2 44057  87.9052  24.5575 0002077  98.5815 261.5550 13.15295537 29694
1 44057U 19010A   19283.86976671  .00000009  00000-0 -11273-4 0  9992
2 44057  87.9053  24.3458 0002080  98.0593 262.0773 13.15295529 29835
1 44057U 19010A   19283.86976671 +.00000009 +00000-0 -11273-4 0  9992
2 44057 087.9053 024.3458 0002080 098.0593 262.0773 13.15295529029835
1 44057U 19010A   19284.78262946 -.00000075 +00000-0 -23504-3 0  9990
2 44057 087.9054 024.1644 0002083 097.6586 262.4781 13.15295562029954
1 44057U 19010A   19284.93477327 -.00000089  00000-0 -27038-3 0  9999
2 44057  87.9054  24.1342 0002082  97.5087 262.6279 13.15295543 29978
1 44057U 19010A   19285.84763628 -.00000129 +00000-0 -37721-3 0  9997
2 44057 087.9055 023.9527 0002080 097.2176 262.9191 13.15295609030099
1 44057U 19010A   19286.15192403 -.00000127  00000-0 -37289-3 0  9996
2 44057  87.9055  23.8922 0002078  97.0400 263.0967 13.15295636 30130
1 44057U 19010A   19286.83657158 -.00000114 +00000-0 -33892-3 0  9996
2 44057 087.9056 023.7562 0002080 096.7872 263.3495 13.15295689030229
1 44057U 19010A   19287.36907538 -.00000085  00000-0 -26082-3 0  9995
2 44057  87.9057  23.6503 0002077  96.6091 263.5276 13.15295710 30293
1 44057U 19010A   19287.82550729 -.00000046 +00000-0 -15765-3 0  9995
2 44057 087.9057 023.5596 0002076 096.3745 263.7621 13.15295746030358
1 44057U 19010A   19288.81444316  .00000059  00000-0  12259-3 0  9996
2 44057  87.9057  23.3631 0002066  96.0232 264.1134 13.15295834 30489
1 44057U 19010A   19289.65123501 +.00000143 +00000-0 +34757-3 0  9990
2 44057 087.9056 023.1968 0002056 095.6414 264.4951 13.15295887030595
1 44057U 19010A   19290.25981006  .00000218  00000-0  54691-3 0  9992
2 44057  87.9056  23.0758 0002034  95.1713 264.9649 13.15296291 30672
1 44057U 19010A   19290.71624163 +.00000233 +00000-0 +58803-3 0  9997
2 44057 087.9055 022.9851 0002022 094.9226 265.2135 13.15296315030734
1 44057U 19010A   19291.32481356  .00000234  00000-0  59021-3 0  9994
2 44057  87.9053  22.8640 0002118  97.1962 262.9409 13.15299914 30810
1 44057U 19010A   19291.78124376 +.00000217 +00000-0 +54496-3 0  9992
2 44057 087.9055 022.7734 0002066 095.8152 264.3214 13.15299852030870
1 44057U 19010A   19293.07446173  .00000112  00000-0  26485-3 0  9999
2 44057  87.9052  22.5163 0002051  95.3900 264.7464 13.15300006 31046
1 44057U 19010A   19293.75910581 +.00000037 +00000-0 +63513-4 0  9993
2 44057 087.9054 022.3803 0001933 094.7763 265.3588 13.15300191031134
1 44057U 19010A   19294.13946398 -.00000004  00000-0 -45511-4 0  9995
2 44057  87.9054  22.3047 0001932  94.4828 265.6523 13.15300187 31184
1 44057U 19010A   19294.82410886 -.00000060 +00000-0 -19369-3 0  9992
2 44057 087.9054 022.1687 0001994 094.3145 265.8213 13.15300282031275
1 44057U 19010A   19295.35661042 -.00000107  00000-0 -31932-3 0  9995
2 44057  87.9054  22.0628 0001999  93.8499 266.2860 13.15300274 31342
1 44057U 19010A   19295.81304035 -.00000124 +00000-0 -36479-3 0  9992
2 44057 087.9055 021.9721 0001995 093.7534 266.3824 13.15300303031401
1 44057U 19010A   19296.80197221 -.00000109  00000-0 -32345-3 0  9990
2 44057  87.9055  21.7755 0001985  93.3338 266.8019 13.15300356 31536
1 44057U 19010A   19297.79090444 -.00000038 +00000-0 -13482-3 0  9990
2 44057 087.9055 021.5790 0001969 092.9789 267.1566 13.15300388031660
1 44057U 19010A   19298.17126306  .00000001  00000-0 -32394-4 0  9993
2 44057  87.9055  21.5034 0001965  92.8785 267.2570 13.15300408 31717
1 44057U 19010A   19298.77983677 +.00000071 +00000-0 +15438-3 0  9996
2 44057 087.9055 021.3824 0001951 092.5885 267.5468 13.15300489031791
1 44057U 19010A   19299.31233884  .00000118  00000-0  28097-3 0  9992
2 44057  87.9055  21.2765 0001950  92.5011 267.6343 13.15300480 31866
1 44057U 19010A   19299.76876911 +.00000157 +00000-0 +38439-3 0  9999
2 44057 087.9054 021.1858 0001945 092.4062 267.7291 13.15300499031926
1 44057U 19010A   19300.45341442  .00000187  00000-0  46536-3 0  9994
2 44057  87.9053  21.0496 0001942  92.2905 267.8447 13.15300457 32012
1 44057U 19010A   19300.83377278 +.00000195 +00000-0 +48678-3 0  9990
2 44057 087.9053 020.9740 0001936 092.1173 268.0179 13.15300486032063
1 44057U 19010A   19301.74663263  .00000170  00000-0  41849-3 0  9999
2 44057  87.9051  20.7925 0001929  91.9732 268.1619 13.15300481 32182
1 44057U 19010A   19302.73556373 +.00000094 +00000-0 +21652-3 0  9997
2 44057 087.9050 020.5958 0001928 091.7301 268.4050 13.15300501032314
1 44057U 19010A   19303.11592178  .00000060  00000-0  12466-3 0  9999
2 44057  87.9050  20.5202 0001926  91.5355 268.5996 13.15300510 32366
1 44057U 19010A   19303.72449465 -.00000011 +00000-0 -64613-4 0  9996
2 44057 087.9049 020.3991 0001915 091.2902 268.8448 13.15300481032441
1 44057U 19010A   19304.25699854 -.00000060  00000-0 -19510-3 0  9993
2 44057  87.9052  20.2934 0001975  91.3629 268.7727 13.15294797 32513
1 44057U 19010A   19304.71343031 -.00000097 +00000-0 -29161-3 0  9990
2 44057 087.9052 020.2026 0001946 091.4924 268.6429 13.15294520032570
1 44057U 19010A   19305.77843800 -.00000137  00000-0 -39818-3 0  9991
2 44057  87.9048  19.9910 0001925  90.8936 269.2415 13.15294613 32716
1 44057U 19010A   19306.76737409 -.00000105 +00000-0 -31423-3 0  9997
2 44057 087.9049 019.7944 0001901 090.3017 269.8330 13.15294682032843
1 44057U 19010A   19307.14773420 -.00000045  00000-0 -15331-3 0  9996
2 44057  87.9049  19.7187 0001893  90.2945 269.8402 13.15294823 32893
1 44057U 19010A   19307.75631054 +.00000001 +00000-0 -31971-4 0  9999
2 44057 087.9048 019.5976 0001893 089.9219 270.2128 13.15294844032978
1 44057U 19010A   19308.28881486  .00000046  00000-0  89348-4 0  9993
2 44057  87.9048  19.4917 0001890  89.8410 270.2937 13.15294848 33042
1 44057U 19010A   19308.59310305 +.00000078 +00000-0 +17317-3 0  9995
2 44057 087.9048 019.4312 0001888 089.6981 270.4365 13.15294860033084
1 44057U 19010A   19309.27775131 +.00000137 +00000-0 +33138-3 0  9998
2 44057 087.9047 019.2951 0001879 089.6597 270.4748 13.15294915033179
1 44057U 19010A   19310.19061554  .00000180  00000-0  44607-3 0  9999
2 44057  87.9046  19.1135 0001866  89.4594 270.6750 13.15294908 33292
1 44057U 19010A   19310.64704753 +.00000182 +00000-0 +45122-3 0  9999
2 44057 087.9045 019.0227 0001854 089.3716 270.7627 13.15294876033359
1 44057U 19010A   19311.25562336  .00000165  00000-0  40449-3 0  9994
2 44057  87.9044  18.9017 0001855  89.4666 270.6677 13.15294859 33433
1 44057U 19010A   19311.63598313 +.00000148 +00000-0 +36030-3 0  9992
2 44057 087.9043 018.8260 0001848 089.4762 270.6580 13.15294879033480
1 44057U 19010A   19312.62491840  .00000066  00000-0  14240-3 0  9997
2 44057  87.9042  18.6293 0001831  89.1209 271.0131 13.15294872 33613
1 44057U 19010A   19313.68992547 -.00000036  00000-0 -12994-3 0  9997
2 44057  87.9041  18.4174 0001826  88.9018 271.2321 13.15294900 33757
1 44057U 19010A   19314.67886072 -.00000102 +00000-0 -30708-3 0  9999
2 44057 087.9040 018.2206 0001813 088.6675 271.4663 13.15294956033888
1 44057U 19010A   19315.13529252 -.00000117  00000-0 -34507-3 0  9992
2 44057  87.9039  18.1298 0001808  88.4860 271.6478 13.15294959 33940
1 44057U 19010A   19315.81994028 -.00000110 +00000-0 -32871-3 0  9999
2 44057 087.9040 017.9938 0001797 088.2800 271.8536 13.15295045034034
1 44057U 19010A   19316.20030023 -.00000095  00000-0 -28765-3 0  9998
2 44057  87.9039  17.9181 0001787  88.2328 271.9007 13.15295081 34085
1 44057U 19010A   19316.80887629 -.00000054 +00000-0 -17877-3 0  9993
2 44057 087.9039 017.7970 0001774 088.0264 272.1069 13.15295130034167
1 44057U 19010A   19317.26530832 -.00000010  00000-0 -61455-4 0  9999
2 44057  87.9038  17.7063 0001754  87.7060 272.4271 13.15295208 34228
1 44057U 19010A   19317.56959642 +.00000022 +00000-0 +23594-4 0  9999
2 44057 087.9038 017.6457 0001748 087.6103 272.5227 13.15295233034268
1 44057U 19010A   19318.33031254  .00000094  00000-0  21734-3 0  9997
2 44057  87.9035  17.4945 0001748  88.0484 272.0846 13.15299643 34364
1 44057U 19010A   19318.78674309 +.00000136 +00000-0 +32852-3 0  9990
2 44057 087.9035 017.4037 0001753 088.0100 272.1231 13.15299751034423
1 44057U 19010A   19320.15603396  .00000151  00000-0  36830-3 0  9999
2 44057  87.9033  17.1311 0001736  87.5146 272.6183 13.15299888 34600
1 44057U 19010A   19320.76460549 -.00000022 +00000-0 -91529-4 0  9993
2 44057 087.9030 017.0097 0001673 086.9979 273.1342 13.15299899034687
1 44057U 19010A   19321.29710900  .00000150  00000-0  36629-3 0  9990
2 44057  87.9031  16.9040 0001714  87.4401 272.6925 13.15299999 34756
1 44057U 19010A   19321.75353883 +.00000122 +00000-0 +29034-3 0  9995
2 44057 087.9030 016.8132 0001712 087.6987 272.4339 13.15300044034813
1 44057U 19010A   19322.51425518  .00000046  00000-0  88544-4 0  9992
2 44057  87.9028  16.6617 0001705  87.8008 272.3317 13.15300038 34913
1 44057U 19010A   19322.74247005 +.00000022 +00000-0 +24262-4 0  9991
2 44057 087.9028 016.6163 0001701 087.7489 272.3836 13.15300052034942
1 44057U 19010A   19323.65532959 -.00000064 +00000-0 -20599-3 0  9993
2 44057 087.9027 016.4345 0001696 087.8257 272.3067 13.15300101035063
1 44057U 19010A   19324.18783113 -.00000108  00000-0 -32113-3 0  9996
2 44057  87.9026  16.3285 0001695  87.8801 272.2523 13.15300081 35139
1 44057U 19010A   19324.26390277 -.00000111 +00000-0 -33139-3 0  9993
2 44057 087.9026 016.3134 0001696 087.9102 272.2222 13.15300085035149
1 44057U 19010A   19325.25283437 -.00000135  00000-0 -39275-3 0  9995
2 44057  87.9025  16.1164 0001683  87.9523 272.1800 13.15300160 35271
1 44057U 19010A   19325.70926453 -.00000127 +00000-0 -37200-3 0  9994
2 44057 087.9025 016.0255 0001673 087.8136 272.3185 13.15300173035338
1 44057U 19010A   19326.24176641 -.00000094 +00000-0 -28404-3 0  9999
2 44057 087.9024 015.9194 0001664 087.8036 272.3285 13.15300235035404
1 44057U 19010A   19327.53498570  .00000032  00000-0  51494-4 0  9996
2 44057  87.9023  15.6618 0001642  87.7379 272.3939 13.15300335 35571
1 44057U 19010A   19327.61105745 +.00000037 +00000-0 +65738-4 0  9995
2 44057 087.9023 015.6467 0001639 087.6801 272.4517 13.15300325035581
1 44057U 19010A   19328.75213334  .00000148  00000-0  35930-3 0  9998
2 44057  87.9021  15.4194 0001615  87.2962 272.8353 13.15300353 35732
1 44057U 19010A   19329.81713716  .00000200  00000-0  49878-3 0  9990
2 44057  87.9018  15.2073 0001605  87.3893 272.7420 13.15300374 35877
1 44057U 19010A   19329.89320883 +.00000203 +00000-0 +50691-3 0  9995
2 44057 087.9018 015.1921 0001604 087.4182 272.7132 13.15300379035885
1 44057U 19010A   19330.88214034 +.00000180 +00000-0 +44628-3 0  9993
2 44057 087.9015 014.9951 0001594 087.7156 272.4156 13.15300411036010
1 44057U 19010A   19331.11035528  .00000167  00000-0  41127-3 0  9995
2 44057  87.9015  14.9497 0001594  87.6357 272.4955 13.15300421 36048
1 44057U 19010A   19331.71892821 +.00000114 +00000-0 +27018-3 0  9993
2 44057 087.9014 014.8284 0001582 087.8846 272.2465 13.15300422036126
1 44057U 19010A   19332.40357269  .00000052  00000-0  10539-3 0  9993
2 44057  87.9013  14.6920 0001573  87.7780 272.3531 13.15300458 36210
1 44057U 19010A   19332.86000225 +.00000001 +00000-0 -31732-4 0  9994
2 44057 087.9012 014.6011 0001567 088.0483 272.0827 13.15300490036274
1 44057U 19010A   19333.77286160 -.00000085  00000-0 -26050-3 0  9998
2 44057  87.9011  14.4192 0001560  87.8751 272.2558 13.15300504 36391
1 44057U 19010A   19333.84893318 -.00000090 +00000-0 -27353-3 0  9998
2 44057 087.9011 014.4041 0001557 088.0343 272.0966 13.15300525036406
1 44057U 19010A   19334.68572114 -.00000139 +00000-0 -40441-3 0  9996
2 44057 087.9010 014.2373 0001543 087.9125 272.2182 13.15300513036513
1 44057U 19010A   19335.14215112 -.00000149  00000-0 -43113-3 0  9990
2 44057  87.9010  14.1464 0001538  87.9505 272.1801 13.15300473 36577
1 44057U 19010A   19335.82679614 -.00000123 +00000-0 -36213-3 0  9991
2 44057 087.9009 014.0099 0001535 088.0926 272.0380 13.15300533036662
1 44057U 19010A   19336.35929797 -.00000090  00000-0 -27358-3 0  9993
2 44057  87.9009  13.9038 0001526  88.2951 271.8353 13.15300532 36737
1 44057U 19010A   19336.81572816 -.00000038 +00000-0 -13676-3 0  9990
2 44057 087.9008 013.8129 0001529 088.4045 271.7261 13.15300615036790
1 44057U 19010A   19337.80466409 +.00000061 +00000-0 +12751-3 0  9997
2 44057 087.9009 013.6159 0001523 088.7631 271.3673 13.15294068036922
1 44057U 19010A   19338.79360133 +.00000146 +00000-0 +35432-3 0  9998
2 44057 087.9007 013.4188 0001528 089.2911 270.8394 13.15293924037051
1 44057U 19010A   19339.40217795  .00000177  00000-0  43818-3 0  9993
2 44057  87.9006  13.2975 0001525  89.3857 270.7448 13.15293892 37131
1 44057U 19010A   19339.85861026 +.00000185 +00000-0 +46019-3 0  9999
2 44057 087.9005 013.2065 0001523 089.6367 270.4938 13.15293889037190
1 44057U 19010A   19340.46718651  .00000176  00000-0  43570-3 0  9992
2 44057  87.9004  13.0852 0001521  90.0582 270.0723 13.15293928 37275
1 44057U 19010A   19340.84754657 +.00000161 +00000-0 +39583-3 0  9993
2 44057 087.9003 013.0093 0001514 089.8693 270.2611 13.15293939037328
1 44057U 19010A   19341.83648259  .00000069  00000-0  14997-3 0  9992
2 44057  87.9001  12.8122 0001512  90.2948 269.8355 13.15293898 37450
1 44057U 19010A   19342.67327441 -.00000005 +00000-0 -47674-4 0  9993
2 44057 087.9000 012.6453 0001501 090.0853 270.0450 13.15293967037564
1 44057U 19010A   19343.51006632 -.00000074  00000-0 -23221-3 0  9990
2 44057  87.8999  12.4785 0001498  90.2943 269.8358 13.15294003 37670
1 44057U 19010A   19343.81435434 -.00000098 +00000-0 -29591-3 0  9991
2 44057 087.8998 012.4178 0001496 090.3792 269.7509 13.15293987037718
1 44057U 19010A   19344.72721851 -.00000115  00000-0 -34049-3 0  9997
2 44057  87.8997  12.2358 0001488  90.3568 269.7733 13.15294086 37830
1 44057U 19010A   19345.79222713 -.00000074  00000-0 -23241-3 0  9994
2 44057  87.8996  12.0234 0001482  90.5761 269.5539 13.15294189 37972
1 44057U 19010A   19346.62901983 -.00000005 +00000-0 -47982-4 0  9993
2 44057 087.8996 011.8565 0001471 090.6441 269.4858 13.15294274038081
1 44057U 19010A   19347.16152434  .00000043  00000-0  80156-4 0  9992
2 44057  87.8995  11.7504 0001468  90.8422 269.2876 13.15294294 38157
1 44057U 19010A   19347.77010091 +.00000104 +00000-0 +24201-3 0  9997
2 44057 087.8995 011.6290 0001465 090.9746 269.1552 13.15294329038233
1 44057U 19010A   19348.45474945  .00000155  00000-0  37976-3 0  9994
2 44057  87.8994  11.4925 0001460  91.3308 268.7989 13.15294360 38323
1 44057U 19010A   19348.83510972 +.00000171 +00000-0 +42238-3 0  9992
2 44057 087.8993 011.4166 0001456 091.2962 268.8334 13.15294335038371
1 44057U 19010A   19349.82404609  .00000173  00000-0  42640-3 0  9990
2 44057  87.8991  11.2194 0001452  91.7884 268.3413 13.15294292 38502
1 44057U 19010A   19350.81298202 +.00000120 +00000-0 +28563-3 0  9991
2 44057 087.8990 011.0221 0001456 092.5106 267.6191 13.15294273038638
1 44057U 19010A   19351.11726995  .00000097  00000-0  22382-3 0  9996
2 44057  87.8990  10.9614 0001459  92.5900 267.5397 13.15294281 38677
1 44057U 19010A   19351.80191762 +.00000033 +00000-0 +52961-4 0  9997
2 44057 087.8989 010.8248 0001462 093.2314 266.8984 13.15294291038763
1 44057U 19010A   19352.41049333 -.00000024  00000-0 -97818-4 0  9993
2 44057  87.8989  10.7034 0001461  93.4059 266.7239 13.15294312 38847
1 44057U 19010A   19352.79085070 -.00000060 +00000-0 -19282-3 0  9990
2 44057 087.8964 010.6301 0001658 088.9055 271.2265 13.15299818038890
1 44057U 19010A   19353.32335127 -.00000095  00000-0 -28848-3 0  9997
2 44057  87.8988  10.5213 0001473  93.3061 266.8237 13.15299629 38966
1 44057U 19010A   19353.77978117 -.00000121 +00000-0 -35584-3 0  9993
2 44057 087.8987 010.4302 0001502 093.4539 266.6763 13.15299976039022
1 44057U 19010A   19354.46442631 -.00000130  00000-0 -37960-3 0  9997
2 44057  87.8988  10.2935 0001502  93.3625 266.7677 13.15300014 39119
1 44057U 19010A   19354.76871313 -.00000131 +00000-0 -38454-3 0  9993
2 44057 087.8987 010.2327 0001503 093.0932 267.0371 13.15299988039158
1 44057U 19010A   19355.75764542 -.00000056  00000-0 -18326-3 0  9990
2 44057  87.8988  10.0354 0001498  93.3533 266.7769 13.15300102 39282
1 44057U 19010A   19356.74657797 +.00000042 +00000-0 +78928-4 0  9991
2 44057 087.8988 009.8381 0001495 093.4599 266.6703 13.15300185039411
1 44057U 19010A   19357.12693661  .00000083  00000-0  18725-3 0  9997
2 44057  87.8988   9.7622 0001492  93.7315 266.3986 13.15300243 39464
1 44057U 19010A   19357.43116150  .00000105  00000-0  24543-3 0  9994
2 44057  87.8993   9.7004 0001276 106.3371 253.7900 13.15734402 39506
1 44057U 19010A   19357.50721031  .00000111  00000-0  25983-3 0  9998
2 44057  87.8988   9.6862 0001545  97.2617 262.8689 13.15721859 39519
1 44057U 19010A   19357.73529041  .00000113  00000-0  26277-3 0  9999
2 44057  87.8988   9.6410 0001306  99.1932 260.9347 13.16144494 39542
1 44057U 19010A   19358.64756535  .00732815  00000-0  18145+1 0  9993
2 44057  87.9026   9.4506 0000919 109.9582 252.3904 13.17464487 39665
1 44057U 19010A   19358.72304431  .00000085  00000-0  18742-3 0  9999
2 44057  87.8986   9.4432 0001473  94.3349 265.7951 13.17407038 39671
1 44057U 19010A   19358.95084010  .01389625  00000-0  33567+1 0  9992
2 44057  87.9005   9.3899 0001812 127.1516 233.0197 13.18076520 39701
1 44057U 19010A   19359.33031704  .00000037  00000-0  61891-4 0  9998
2 44057  87.9049   9.3238 0002280 127.0201 233.1140 13.18862735 39751
1 44057U 19010A   19359.55791193  .00000033  00000-0  49696-4 0  9992
2 44057  87.8987   9.2776 0001254  94.6140 265.5136 13.19090145 39784
1 44057U 19010A   19359.86125265  .00000027  00000-0  35705-4 0  9996
2 44057  87.9007   9.2126 0000676 118.3347 241.7854 13.19734100 39821
1 44057U 19010A   19360.08862926  .00000027  00000-0  34564-4 0  9996
2 44057  87.8980   9.1676 0001806 105.7038 254.4295 13.20358838 39857
1 44057U 19010A   19360.46740869  .00000040  00000-0  65278-4 0  9990
2 44057  87.8986   9.0961 0001827 126.9793 233.1508 13.21207487 39906
1 44057U 19010A   19361.45143014  .00000072  00000-0  14364-3 0  9993
2 44057  87.8988   8.8944 0001454  84.6165 275.5135 13.21841462 40034
1 44057U 19010A   19361.60282187 +.00000074 +00000-0 +14810-3 0  9993
2 44057 087.8986 008.8621 0001524 075.7288 284.4015 13.21841360040054
1 44057U 19010A   19362.05700495  .00000079  00000-0  15911-3 0  9998
2 44057  87.8990   8.7715 0001490  86.4026 273.7278 13.21813978 40116
1 44057U 19010A   19362.88967084 +.00000068 +00000-0 +13294-3 0  9998
2 44057 087.8983 008.6036 0001622 085.9011 274.2308 13.21816982040228
1 44057U 19010A   19363.11676138  .00000059  00000-0  11197-3 0  9992
2 44057  87.8985   8.5577 0001606  85.8655 274.2662 13.21817205 40259
1 44057U 19010A   19363.57094268 +.00000047 +00000-0 +81551-4 0  9999
2 44057 087.8985 008.4660 0001603 085.7605 274.3712 13.21817219040311
1 44057U 19010A   19364.47930521  .00000021  00000-0  18537-4 0  9996
2 44057  87.8986   8.2827 0001591  86.0548 274.0767 13.21817311 40434
1 44057U 19010A   19364.78209276 +.00000016 +00000-0 +66401-5 0  9994
2 44057 087.8986 008.2217 0001589 086.1093 274.0223 13.21817324040475
1 44057U 19010A   19365.76615274  .00000000  00000-0 -30506-4 0  9992
2 44057  87.8987   8.0234 0001511  86.5593 273.5714 13.21817182 40603
1 44057U 19010A   20001.90160640 +.00000003 +00000-0 -24826-4 0  9990
2 44057 087.9215 007.7955 0001412 087.5722 272.5573 13.21816688040757
1 44057U 19010A   20002.12869771  .00000003  00000-0 -24632-4 0  9991
2 44057  87.9209   7.7507 0001505  85.9307 274.1999 13.21816715 40781
1 44057U 19010A   20002.88566707 +.00000005 +00000-0 -19946-4 0  9991
2 44057 087.9209 007.5995 0001512 086.1625 273.9682 13.21816828040886
1 44057U 19010A   20003.49124257  .00000005  00000-0 -20133-4 0  9999
2 44057  87.9210   7.4787 0001501  86.2400 273.8905 13.21816791 40961
1 44057U 19010A   20003.86973066 +.00000004 +00000-0 -20705-4 0  9994
2 44057 087.9210 007.4026 0001583 084.7669 275.3646 13.21808712041017
1 44057U 19010A   20004.47531023  .00000003  00000-0 -23895-4 0  9997
2 44057  87.9210   7.2821 0001561  85.6141 274.5171 13.21808021 41094
1 44057U 19010A   20004.70240253 +.00000003 +00000-0 -25234-4 0  9994
2 44057 087.9210 007.2367 0001557 085.4853 274.6459 13.21808000041123
1 44057U 19010A   20005.76216668  .00000001  00000-0 -29523-4 0  9997
2 44057  87.9212   7.0253 0001542  85.8945 274.2366 13.21807895 41266
1 44057U 19010A   20005.91356155 +.00000001 +00000-0 -29878-4 0  9993
2 44057 087.9212 006.9950 0001539 086.3242 273.8068 13.21807876041285
1 44057U 19010A   20006.82193089  .00000011  00000-0 -57936-5 0  9997
2 44057  87.9212   6.8137 0001543  86.5317 273.5994 13.21807867 41400
1 44057U 19010A   20007.73030055 +.00000036 +00000-0 +55674-4 0  9993
2 44057 087.9216 006.6324 0001606 086.7838 273.3480 13.21807932041524
1 44057U 19010A   20008.10878785  .00000044  00000-0  75535-4 0  9992
2 44057  87.9216   6.5568 0001607  86.6900 273.4418 13.21807937 41575
1 44057U 19010A   20008.71436747 +.00000064 +00000-0 +12352-3 0  9996
2 44057 087.9216 006.4359 0001608 086.8329 273.2989 13.21807986041654
1 44057U 19010A   20009.24424951  .00000065  00000-0  12514-3 0  9990
2 44057  87.9216   6.3302 0001605  86.9002 273.2315 13.21808029 41727
1 44057U 19010A   20009.54703923 +.00000057 +00000-0 +10532-3 0  9991
2 44057 087.9216 006.2697 0001602 086.9598 273.1719 13.21808033041766
1 44057U 19010A   20010.37971078  .00000030  00000-0  41098-4 0  9995
2 44057  87.9217   6.1035 0001601  87.1314 273.0003 13.21808086 41875
1 44057U 19010A   20010.83389523 +.00000011 +00000-0 -49006-5 0  9992
2 44057 087.9217 006.0129 0001601 087.1492 272.9826 13.21808095041933
1 44057U 19010A   20011.43947452 -.00000014  00000-0 -64816-4 0  9999
2 44057  87.9217   5.8920 0001603  87.0778 273.0539 13.21808101 42018
1 44057U 19010A   20012.12074586 -.00000027  00000-0 -95728-4 0  9995
2 44057  87.9217   5.7560 0001637  87.2622 272.8699 13.21815260 42102
1 44057U 19010A   20012.80201907 -.00000017 +00000-0 -72343-4 0  9996
2 44057 087.9218 005.6200 0001647 087.2057 272.9265 13.21815368042194
1 44057U 19010A   20013.48329243  .00000008  00000-0 -12040-4 0  9992
2 44057  87.9220   5.4841 0001656  87.4354 272.6969 13.21815369 42287
1 44057U 19010A   20013.71038363 +.00000017 +00000-0 +94489-5 0  9995
2 44057 087.9220 005.4387 0001666 087.3370 272.7955 13.21815318042314
1 44057U 19010A   20014.69444513  .00000042  00000-0  71105-4 0  9998
2 44057  87.9220   5.2423 0001660  87.4304 272.7020 13.21815317 42441
1 44057U 19010A   20015.30002130 +.00000054 +00000-0 +98399-4 0  9999
2 44057 087.9221 005.1214 0001657 087.4526 272.6798 13.21815364042523
1 44057U 19010A   20016.20838531  .00000039  00000-0  64055-4 0  9996
2 44057  87.9222   4.9401 0001654  87.6453 272.4870 13.21815426 42648
1 44057U 19010A   20016.43547630 +.00000032 +00000-0 +46555-4 0  9996
2 44057 087.9222 004.8948 0001652 087.6768 272.4555 13.21815444042673
1 44057U 19010A   20017.04105211 +.00000020 +00000-0 +17706-4 0  9992
2 44057 087.9222 004.7739 0001644 087.7967 272.3355 13.21815533042758
1 44057U 19010A   20017.49523407  .00000010  00000-0 -83207-5 0  9992
2 44057  87.9223   4.6832 0001643  87.8064 272.3258 13.21815546 42813
1 44057U 19010A   20018.55499229  .00000011  00000-0 -43187-5 0  9998
2 44057  87.9225   4.4718 0001664  87.5844 272.5480 13.21815540 42950
1 44057U 19010A   20018.55499229 +.00000011 +00000-0 -43187-5 0  9998
2 44057 087.9225 004.4718 0001664 087.5844 272.5480 13.21815540042950
1 44057U 19010A   20019.00917446 +.00000023 +00000-0 +23420-4 0  9994
2 44057 087.9225 004.3812 0001670 087.5343 272.5982 13.21815546043016
1 44057U 19010A   20019.46335665 +.00000039 +00000-0 +63425-4 0  9997
2 44057 087.9226 004.2906 0001670 087.5980 272.5345 13.21815553043074
1 44057U 19010A   20019.99323588  .00000054  00000-0  10021-3 0  9996
2 44057  87.9227   4.1849 0001677  87.5067 272.6259 13.21815551 43144
1 44057U 19010A   20020.44741802 +.00000068 +00000-0 +13278-3 0  9993
2 44057 087.9227 004.0942 0001676 087.5750 272.5575 13.21815576043209
1 44057U 19010A   20020.90160010 +.00000072 +00000-0 +14369-3 0  9997
2 44057 087.9227 004.0036 0001679 087.5293 272.6033 13.21815603043265
1 44057U 19010A   20020.97729712 +.00000072 +00000-0 +14217-3 0  9996
2 44057 087.9227 003.9885 0001682 087.4464 272.6863 13.21815604043271
1 44057U 19010A   20021.50717612  .00000063  00000-0  12103-3 0  9994
2 44057  87.9228   3.8828 0001685  87.3256 272.8071 13.21815620 43348
1 44057U 19010A   20022.49123677 +.00000028 +00000-0 +35371-4 0  9999
2 44057 087.9229 003.6865 0001679 087.6846 272.4481 13.21815696043477
1 44057U 19010A   20022.79402468  .00000015  00000-0  36330-5 0  9993
2 44057  87.9229   3.6261 0001684  87.6692 272.4635 13.21815697 43519
1 44057U 19010A   20023.47529746 -.00000011 +00000-0 -57676-4 0  9991
2 44057 087.9230 003.4902 0001686 087.7300 272.4027 13.21815713043604
1 44057U 19010A   20024.00517631 -.00000016  00000-0 -69064-4 0  9990
2 44057  87.9231   3.3845 0001685  87.8411 272.2916 13.21815748 43673
1 44057U 19010A   20024.53505540 -.00000020 +00000-0 -80329-4 0  9996
2 44057 087.9232 003.2789 0001688 087.6246 272.5081 13.21815679043744
1 44057U 19010A   20025.06493448 -.00000006  00000-0 -46934-4 0  9996
2 44057  87.9234   3.1732 0001689  87.6619 272.4709 13.21815678 43811
1 44057U 19010A   20025.51911663 +.00000009 +00000-0 -93130-5 0  9993
2 44057 087.9234 003.0826 0001686 087.6911 272.4415 13.21815659043875
1 44057U 19010A   20026.35178390  .00000038  00000-0  60514-4 0  9998
2 44057  87.9236   2.9166 0001691  87.8355 272.2972 13.21815658 43989
1 44057U 19010A   20027.18445102 +.00000044 +00000-0 +74878-4 0  9993
2 44057 087.9237 002.7506 0001701 087.7508 272.3820 13.21815650044095
1 44057U 19010A   20027.48723900  .00000043  00000-0  73761-4 0  9990
2 44057  87.9237   2.6902 0001707  87.7623 272.3706 13.21815683 44132
1 44057U 19010A   20027.94142092 +.00000034 +00000-0 +51409-4 0  9993
2 44057 087.9238 002.5996 0001711 087.7446 272.3884 13.21815711044198
1 44057U 19010A   20028.47129984 +.00000010 +00000-0 -71604-5 0  9992
2 44057 087.9239 002.4940 0001704 087.8073 272.3256 13.21815659044268
1 44057U 19010A   20028.84978673 -.00000001  00000-0 -34471-4 0  9991
2 44057  87.9241   2.4180 0001804  86.3722 273.7618 13.21812452 44314
1 44057U 19010A   20028.92548390 -.00000005 +00000-0 -42432-4 0  9999
2 44057 087.9241 002.4030 0001804 086.4848 273.6492 13.21812428044321
1 44057U 19010A   20029.45536785 -.00000017 +00000-0 -73707-4 0  9995
2 44057 087.9232 002.2979 0002315 073.9527 286.1861 13.21813071044395
1 44057U 19010A   20029.75815397 -.00000020 +00000-0 -80443-4 0  9996
2 44057 087.9242 002.2375 0001739 087.6198 272.5135 13.21810590044432
1 44057U 19010A   20030.06094294 -.00000020  00000-0 -80903-4 0  9998
2 44057  87.9241   2.1771 0001749  87.8078 272.3256 13.21811033 44479
1 44057U 19010A   20030.43942933 -.00000014 +00000-0 -65970-4 0  9991
2 44057 087.9242 002.1017 0001746 087.6892 272.4441 13.21811004044523
1 44057U 19010A   20031.27209956  .00000017  00000-0  94135-5 0  9992
2 44057  87.9243   1.9357 0001751  87.7735 272.3599 13.21810957 44632
1 44057U 19010A   20031.42349412 +.00000022 +00000-0 +21973-4 0  9996
2 44057 087.9244 001.9055 0001753 087.7173 272.4161 13.21810977044656
1 44057U 19010A   20031.65058602 +.00000033 +00000-0 +49027-4 0  9991
2 44057 087.9244 001.8603 0001755 087.8249 272.3086 13.21810965044686
1 44057U 19010A   20032.18046706 +.00000051 +00000-0 +91175-4 0  9993
2 44057 087.9244 001.7547 0001761 087.6829 272.4506 13.21810974044757
1 44057U 19010A   20032.40755893  .00000058  00000-0  11006-3 0  9993
2 44057  87.9244   1.7094 0001761  87.7534 272.3801 13.21810995 44781
1 44057U 19010A   20033.46732070  .00000061  00000-0  11570-3 0  9992
2 44057  87.9245   1.4982 0001777  87.7178 272.4159 13.21811051 44923
1 44057U 19010A   20033.84580693 +.00000054 +00000-0 +10001-3 0  9996
2 44057 087.9245 001.4227 0001775 087.7168 272.4169 13.21811094044975
1 44057U 19010A   20034.14859588 +.00000044 +00000-0 +76228-4 0  9995
2 44057 087.9246 001.3624 0001776 087.7364 272.3973 13.21811109045010
1 44057U 19010A   20034.98126536  .00000019  00000-0  14532-4 0  9999
2 44057  87.9247   1.1965 0001776  87.8258 272.3079 13.21811222 45125
1 44057U 19010A   20035.58684329 -.00000001 +00000-0 -34572-4 0  9994
2 44057 087.9248 001.0758 0001779 087.7736 272.3602 13.21811211045207
1 44057U 19010A   20036.11672406 -.00000008  00000-0 -51045-4 0  9998
2 44057  87.9249   0.9703 0001787  87.6722 272.4616 13.21811203 45273
1 44057U 19010A   20036.19242132 -.00000006 +00000-0 -45480-4 0  9999
2 44057 087.9249 000.9552 0001788 087.8573 272.2766 13.21811214045289
1 44057U 19010A   20036.64660487 +.00000006 +00000-0 -16429-4 0  9996
2 44057 087.9250 000.8647 0001795 087.6819 272.4521 13.21811250045342
1 44057U 19010A   20037.17648580 +.00000021 +00000-0 +18624-4 0  9990
2 44057 087.9251 000.7591 0001804 087.6121 272.5219 13.21811252045412
1 44057U 19010A   20037.17648582  .00000018  00000-0  13181-4 0  9991
2 44057  87.9251   0.7591 0001809  87.5388 272.5953 13.21811237 45419
1 44057U 19010A   20037.93345862 +.00000034 +00000-0 +50924-4 0  9994
2 44057 087.9251 000.6083 0001805 087.4037 272.7303 13.21811203045515
1 44057U 19010A   20038.38764226  .00000047  00000-0  81455-4 0  9990
2 44057  87.9252   0.5179 0001807  87.4279 272.7061 13.21811220 45577
1 44057U 19010A   20038.84182585 +.00000049 +00000-0 +86447-4 0  9991
2 44057 087.9252 000.4274 0001812 087.3502 272.7839 13.21811223045639
1 44057U 19010A   20039.44740380  .00000038  00000-0  60155-4 0  9997
2 44057  87.9254   0.3067 0001810  87.4492 272.6849 13.21811233 45717
1 44057U 19010A   20039.90158718 +.00000033 +00000-0 +48389-4 0  9996
2 44057 087.9254 000.2163 0001807 087.3837 272.7504 13.21811300045771
1 44057U 19010A   20040.05298164 +.00000030 +00000-0 +41520-4 0  9991
2 44057 087.9254 000.1861 0001811 087.3777 272.7564 13.21811312045794
1 44057U 19010A   20040.80995397  .00000003  00000-0 -25281-4 0  9993
2 44057  87.9255   0.0353 0001819  87.2338 272.9004 13.21811323 45894
1 44057U 19010A   20041.49122906 -.00000012 +00000-0 -61590-4 0  9991
2 44057 087.9256 359.8996 0001819 087.1422 272.9920 13.21811339045980
1 44057U 19010A   20041.86971533 -.00000019 +00000-0 -77792-4 0  9998
2 44057 087.9257 359.8242 0001821 087.0869 273.0474 13.21811311046035
1 44057U 19010A   20042.17250436 -.00000013  00000-0 -63481-4 0  9999
2 44057  87.9258 359.7639 0001826  87.0139 273.1204 13.21811305 46079
1 44057U 19010A   20042.47529341 -.00000003 +00000-0 -38820-4 0  9994
2 44057 087.9258 359.7035 0001829 087.0086 273.1258 13.21811329046113
1 44057U 19010A   20042.62668795 +.00000004 +00000-0 -22686-4 0  9991
2 44057 087.9258 359.6734 0001831 087.0471 273.0873 13.21811328046132
1 44057U 19010A   20043.45935807 +.00000025 +00000-0 +29279-4 0  9991
2 44057 087.9260 359.5075 0001843 086.8105 273.3240 13.21811259046242
1 44057U 19010A   20043.91354175 +.00000042 +00000-0 +70282-4 0  9994
2 44057 087.9261 359.4171 0001846 086.7642 273.3703 13.21811262046302
1 44057U 19010A   20044.44342265 +.00000060 +00000-0 +11295-3 0  9998
2 44057 087.9261 359.3116 0001847 086.7029 273.4316 13.21811280046378
1 44057U 19010A   20044.82190893  .00000068  00000-0  13301-3 0  9996
2 44057  87.9261 359.2362 0001848  86.6656 273.4689 13.21811323 46423
1 44057U 19010A   20044.89760617 +.00000067 +00000-0 +13160-3 0  9992
2 44057 087.9262 359.2211 0001849 086.6668 273.4678 13.21811330046438
1 44057U 19010A   20045.42748689 +.00000063 +00000-0 +12011-3 0  9997
2 44057 087.9262 359.1156 0001849 086.6210 273.5135 13.21811352046509
1 44057U 19010A   20045.88167027 +.00000055 +00000-0 +10189-3 0  9993
2 44057 087.9262 359.0252 0001852 086.5751 273.5595 13.21811407046565
1 44057U 19010A   20046.10876192  .00000050  00000-0  90241-4 0  9992
2 44057  87.9263 358.9800 0001851  86.5559 273.5786 13.21811428 46596
1 44057U 19010A   20046.56294518 +.00000037 +00000-0 +59160-4 0  9998
2 44057 087.9263 358.8895 0001854 086.3633 273.7713 13.21811498046659
1 44057U 19010A   20046.86573403 +.00000028 +00000-0 +36005-4 0  9997
2 44057 087.9264 358.8293 0001852 086.3453 273.7892 13.21811535046694
1 44057U 19010A   20047.39561449 +.00000020 +00000-0 +16972-4 0  9996
2 44057 087.9265 358.7238 0001848 086.1912 273.9434 13.21811612046764
1 44057U 19010A   20047.84979767 +.00000029 +00000-0 +37930-4 0  9998
2 44057 087.9265 358.6334 0001839 086.1772 273.9572 13.21811747046823
1 44057U 19010A   20048.37967404 +.00000040 +00000-0 +66518-4 0  9999
2 44057 087.9265 358.5279 0001876 085.8220 274.3128 13.21814805046892
1 44057U 19010A   20048.83385642  .00000049  00000-0  86686-4 0  9995
2 44057  87.9266 358.4375 0001877  85.6612 274.4737 13.21814834 46959
1 44057U 19010A   20048.90955350 +.00000050 +00000-0 +90158-4 0  9993
2 44057 087.9266 358.4224 0001878 085.6990 274.4358 13.21814822046969
1 44057U 19010A   20049.89361552  .00000042  00000-0  70307-4 0  9992
2 44057  87.9267 358.2265 0001909  85.5192 274.6160 13.21814779 47090
1 44057U 19010A   20049.89361552 +.00000042 +00000-0 +70307-4 0  9992
2 44057 087.9267 358.2265 0001909 085.5192 274.6160 13.21814779047090
1 44057U 19010A   20050.42349500 +.00000048 +00000-0 +84514-4 0  9993
2 44057 087.9268 358.1211 0001911 085.4121 274.7231 13.21814770047164
1 44057U 19010A   20050.87767728 +.00000055 +00000-0 +10161-3 0  9992
2 44057 087.9268 358.0307 0001907 085.3418 274.7934 13.21814825047220
1 44057U 19010A   20051.40755655  .00000052  00000-0  93846-4 0  9997
2 44057  87.9269 357.9252 0001913  85.2537 274.8815 13.21814875 47297
1 44057U 19010A   20051.86173874 +.00000037 +00000-0 +58246-4 0  9992
2 44057 087.9269 357.8348 0001918 085.1376 274.9976 13.21814896047356
1 44057U 19010A   20052.39161785 +.00000021 +00000-0 +19094-4 0  9990
2 44057 087.9270 357.7294 0001917 085.0521 275.0832 13.21814949047427
1 44057U 19010A   20052.84579993 +.00000008 +00000-0 -11709-4 0  9995
2 44057 087.9271 357.6390 0001914 085.0030 275.1323 13.21814995047489
1 44057U 19010A   20052.92149695  .00000003  00000-0 -23302-4 0  9993
2 44057  87.9271 357.6239 0001914  85.0412 275.0940 13.21814981 47495
1 44057U 19010A   20053.37567915 -.00000013 +00000-0 -61810-4 0  9990
2 44057 087.9272 357.5336 0001912 084.9208 275.2145 13.21814950047554
1 44057U 19010A   20053.75416437 -.00000017 +00000-0 -72452-4 0  9992
2 44057 087.9273 357.4582 0001917 084.8206 275.3147 13.21814934047600
1 44057U 19010A   20054.35974077 -.00000010  00000-0 -55130-4 0  9995
2 44057  87.9274 357.3377 0001921  84.6595 275.4758 13.21814932 47681
1 44057U 19010A   20054.91668981 -.00033997 +00000-0 -82644-1 0  9998
2 44057 087.9286 357.2266 0001948 085.0164 043.8446 13.21837531001733
1 44057U 19010A   20055.25001157 +.00049303 +00000-0 +11875+0 0  9994
2 44057 087.9287 357.1598 0001953 084.0250 190.0633 13.21795864001692
1 44057U 19010A   20055.91667824 -.00033180 +00000-0 -80651-1 0  9994
2 44057 087.9287 357.0278 0001942 085.3082 119.3038 13.21837343001738
1 44057U 19010A   20056.58334491 -.00002021 +00000-0 -49273-2 0  9995
2 44057 087.9285 356.8956 0001991 085.2327 049.9272 13.21812014001759
1 44057U 19010A   20056.91667824 -.00036823  00000-0 -89541-1 0  9999
2 44057  87.9283 356.8291 0001927  85.4472 194.9675 13.21836457 48016
1 44057U 19010A   20057.50001157 -.00037417  00000-0 -90998-1 0  9994
2 44057  87.9281 356.7133 0002022  84.8965  89.7378 13.21831205 48090
1 44057U 19010A   20057.58334491 -.00000335 +00000-0 -84256-3 0  9993
2 44057 087.9281 356.6969 0002008 084.7654 126.1931 13.21809556001885
1 44057U 19010A   20057.66667824  .00041506  00000-0  10006+0 0  9992
2 44057  87.9281 356.6804 0001988  84.9725 162.3068 13.21790352 48113
1 44057U 19010A   20058.14459348 +.00000039 +00000-0 +63152-4 0  9997
2 44057 087.9277 356.5847 0001954 083.9086 276.2270 13.21815009048180
1 44057U 19010A   20058.83334491  .00006685  00000-0  16145-1 0  9994
2 44057  87.9280 356.4484 0001968  84.7778 310.9149 13.21817623 48277
1 44057U 19010A   20058.91667824 -.00033297 +00000-0 -80940-1 0  9997
2 44057 087.9280 356.4315 0001945 084.4912 347.5143 13.21834823001733
1 44057U 19010A   20059.58334491 +.00007183 +00000-0 +17352-1 0  9992
2 44057 087.9281 356.2992 0002048 084.6572 277.8924 13.21807697001733
1 44057U 19010A   20059.91667824 -.00034093  00000-0 -82878-1 0  9995
2 44057  87.9281 356.2326 0001960  84.1743  63.6289 13.21837212 48418
1 44057U 19010A   20060.33980694  .00000018  00000-0  10970-4 0  9991
2 44057  87.9278 356.1480 0001935  83.4107 276.7247 13.21815202 48474
1 44057U 19010A   20060.58334491 +.00007986 +00000-0 +19294-1 0  9992
2 44057 087.9282 356.1003 0002028 084.4383 353.9139 13.21808842001773
1 44057U 19010A   20060.91667824 -.00040915 +00000-0 -99525-1 0  9994
2 44057 087.9282 356.0337 0001958 084.0492 139.5583 13.21840291001731
1 44057U 19010A   20061.58334491  .00005867  00000-0  14168-1 0  9994
2 44057  87.9280 355.9014 0002012  83.8594  70.3002 13.21809444 48634
1 44057U 19010A   20061.91667824 -.00038182 +00000-0 -92853-1 0  9995
2 44057 087.9278 355.8348 0001949 083.8596 215.5560 13.21839049001769
1 44057U 19010A   20062.58334491 +.00008718 +00000-0 +21063-1 0  9995
2 44057 087.9276 355.7024 0002022 083.5697 146.3960 13.21807165001768
1 44057U 19010A   20062.83780942 +.00000063 +00000-0 +12115-3 0  9994
2 44057 087.9279 355.6511 0001946 082.9156 277.2199 13.21815236048800
1 44057U 19010A   20062.91667824 -.00041705  00000-0 -10146+0 0  9994
2 44057  87.9274 355.6357 0001949  83.7516 291.4684 13.21837730 48816
1 44057U 19010A   20063.58334491  .00014368  00000-0  34715-1 0  9992
2 44057  87.9272 355.5034 0002046  83.8325 221.9336 13.21803635 48890
1 44057U 19010A   20063.96337963 -.00038064 +00000-0 -92573-1 0  9998
2 44057 087.9271 355.4271 0001946 083.6534 229.4694 13.21833014001713
1 44057U 19010A   20064.50314336 +.00000019 +00000-0 +14055-4 0  9997
2 44057 087.9280 355.3199 0001949 083.0473 277.0883 13.21815393049025
1 44057U 19010A   20064.58334491  .00021173  00000-0  51134-1 0  9999
2 44057  87.9273 355.3042 0002053  84.2379 297.3245 13.21801014 49032
1 44057U 19010A   20064.91667824 -.00038680 +00000-0 -94073-1 0  9997
2 44057 087.9275 355.2373 0001964 083.6182 083.1951 13.21836901001705
1 44057U 19010A   20065.25001157 +.00041380 +00000-0 +99743-1 0  9994
2 44057 087.9277 355.1705 0001989 082.5902 229.4993 13.21799858001700
1 44057U 19010A   20065.50001157 -.00022924  00000-0 -55678-1 0  9996
2 44057  87.9279 355.1215 0002067  83.4384 337.5972 13.21825201 49151
1 44057U 19010A   20065.91667824 -.00042406 +00000-0 -10317+0 0  9996
2 44057 087.9282 355.0382 0001961 083.1524 159.4602 13.21839432001705
1 44057U 19010A   20066.25001157  .00032530  00000-0  78477-1 0  9993
2 44057  87.9284 354.9715 0001989  81.8025 306.0878 13.21804443 49257
1 44057U 19010A   20066.58334491 +.00023257 +00000-0 +56156-1 0  9995
2 44057 087.9287 354.9060 0002025 082.7615 090.4024 13.21803084001705
1 44057U 19010A   20066.91667824 -.00043696 +00000-0 -10632+0 0  9999
2 44057 087.9288 354.8393 0001959 082.6020 235.8169 13.21840444049335
1 44057U 19010A   20067.33334491 -.00018954  00000-0 -46017-1 0  9994
2 44057  87.9291 354.7562 0002031  81.7780  58.2287 13.21831110 49395
1 44057U 19010A   20067.50001157 -.00027625 +00000-0 -67122-1 0  9998
2 44057 087.9291 354.7236 0002045 082.4201 130.2268 13.21827923001737
1 44057U 19010A   20067.91667824 -.00044440 +00000-0 -10814+0 0  9990
2 44057 087.9291 354.6405 0001960 082.4190 311.8085 13.21839610001703
1 44057U 19010A   20068.25001157  .00028417  00000-0  68579-1 0  9996
2 44057  87.9291 354.5739 0002002  81.8521  97.6527 13.21805450 49517
1 44057U 19010A   20068.91667824 -.00046103 +00000-0 -11221+0 0  9992
2 44057 087.9290 354.4418 0001965 082.6409 027.3907 13.21838404049607
1 44057U 19010A   20069.58335648  .00020015  00000-0  48347-1 0  9995
2 44057  87.9289 354.3097 0002061  83.5461 317.0819 13.21793701 49693
1 44057U 19010A   20069.91667824 -.00046733 +00000-0 -11376+0 0  9993
2 44057 087.9288 354.2430 0001990 082.8362 102.9810 13.21832269001765
1 44057U 19010A   20070.25001157 +.00025913 +00000-0 +62558-1 0  9998
2 44057 087.9288 354.1764 0002021 081.8779 249.2061 13.21799697001705
1 44057U 19010A   20070.58334491  .00028667  00000-0  69196-1 0  9998
2 44057  87.9288 354.1110 0002054  83.0311  33.3189 13.21791192 49822
1 44057U 19010A   20070.91667824 -.00043400 +00000-0 -10561+0 0  9998
2 44057 087.9288 354.0443 0001989 082.2907 179.3035 13.21831965001718
1 44057U 19010A   20071.25001157  .00033992  00000-0  81997-1 0  9993
2 44057  87.9288 353.9777 0002032  81.0286 325.8326 13.21799798 49915
1 44057U 19010A   20073.91667824 -.00046048 +00000-0 -11208+0 0  9991
2 44057 087.9281 353.4479 0001998 081.1921 047.7625 13.21834463001761
1 44057U 19010A   20074.25001157  .00017618  00000-0  42557-1 0  9992
2 44057  87.9279 353.3812 0002022  80.7354 193.4878 13.21806569 50301
1 44057U 19010A   20074.91667824 -.00046697  00000-0 -11367+0 0  9998
2 44057  87.9274 353.2488 0001985  81.2660 123.4753 13.21832856 50399
1 44057U 19010A   20075.91667824 -.00044372 +00000-0 -10799+0 0  9995
2 44057 087.9271 353.0497 0001978 080.9694 199.5530 13.21830656001725
1 44057U 19010A   20076.25001157  .00017192  00000-0  41528-1 0  9998
2 44057  87.9271 352.9830 0002033  79.9009 345.8854 13.21805791 50579
1 44057U 19010A   20076.91667824 -.00041254  00000-0 -10037+0 0  9997
2 44057  87.9273 352.8505 0001986  80.4655 275.8362 13.21829818 50650
1 44057U 19010A   20077.52306005 -.00001286 +00000-0 -31455-2 0  9997
2 44057 087.9284 352.7306 0002386 070.7859 289.3533 13.21817387050741
1 44057U 19010A   20077.58334491  .00040043  00000-0  96549-1 0  9999
2 44057  87.9277 352.7183 0002083  80.4391 206.3976 13.21789318 50741
1 44057U 19010A   20077.91667824 -.00042000 +00000-0 -10219+0 0  9990
2 44057 087.9279 352.6514 0001991 079.9313 352.1537 13.21831613001716
1 44057U 19010A   20078.25001157  .00011588  00000-0  27997-1 0  9997
2 44057  87.9281 352.5849 0002039  79.5164 137.8344 13.21810760 50834
1 44057U 19010A   20079.25001157  .00008761  00000-0  21165-1 0  9998
2 44057  87.9285 352.3859 0002017  79.1767 213.9645 13.21812626 50965
1 44057U 19010A   20079.91667824 -.00044112 +00000-0 -10735+0 0  9991
2 44057 087.9285 352.2535 0001981 079.5055 144.1604 13.21832535001730
1 44057U 19010A   20080.25001157  .00005951  00000-0  14370-1 0  9998
2 44057  87.9284 352.1871 0002012  78.7305 290.2007 13.21812776 51107
1 44057U 19010A   20080.91668981 -.00041708 +00000-0 -10148+0 0  9994
2 44057 087.9283 352.0547 0001974 079.5096 219.9989 13.21829385001710
1 44057U 19010A   20081.25001157  .00003927  00000-0  94757-2 0  9998
2 44057  87.9282 351.9882 0002033  78.7072   6.0083 13.21812296 51236
1 44057U 19010A   20081.58334491 +.00038601 +00000-0 +93090-1 0  9999
2 44057 087.9282 351.9228 0002029 079.8643 150.1233 13.21786761001714
1 44057U 19010A   20081.83334491 -.00024166 +00000-0 -58699-1 0  9996
2 44057 087.9282 351.8728 0001970 079.8620 259.0540 13.21828041001692
1 44057U 19010A   20082.58334491  .00039173  00000-0  94463-1 0  9990
2 44057  87.9283 351.7240 0002050  79.8533 225.9128 13.21786989 51406
1 44057U 19010A   20082.66667824 +.00042535 +00000-0 +10253+0 0  9997
2 44057 087.9283 351.7075 0002027 080.1041 261.9729 13.21790368001706
1 44057U 19010A   20083.91667824 -.00039521  00000-0 -96136-1 0  9995
2 44057  87.9286 351.4583 0001962  78.6443  88.1529 13.21829548 51586
1 44057U 19010A   20084.58334491  .00044063  00000-0  10620+0 0  9997
2 44057  87.9287 351.3265 0002017  79.4649  17.8714 13.21788162 51673
1 44057U 19010A   20084.91667824 -.00039176 +00000-0 -95294-1 0  9996
2 44057 087.9286 351.2596 0001959 078.1373 164.4502 13.21830294001710
1 44057U 19010A   20085.25001157 -.00002831  00000-0 -68879-2 0  9993
2 44057  87.9285 351.1933 0001998  77.4553 310.3958 13.21818808 51762
1 44057U 19010A   20086.41667824 -.00038775  00000-0 -94313-1 0  9998
2 44057  87.9277 350.9620 0002054  78.8893  97.3906 13.21830320 51914
1 44057U 19010A   20086.83334491 -.00041766  00000-0 -10161+0 0  9996
2 44057  87.9256 350.8789 0001958  78.7566 279.1013 13.21836305 51967
1 44057U 19010A   20086.91667824 -.00035555 +00000-0 -86456-1 0  9995
2 44057 087.9256 350.8620 0001963 078.6983 315.4812 13.21828370001711
1 44057U 19010A   20087.58334491  .00042497  00000-0  10244+0 0  9991
2 44057  87.9252 350.7299 0002023  79.3582 245.3610 13.21789263 52067
1 44057U 19010A   20087.91667824 -.00035090 +00000-0 -85324-1 0  9993
2 44057 087.9250 350.6628 0001953 078.7513 031.2210 13.21827215001701
1 44057U 19010A   20088.25001157 -.00007799  00000-0 -18932-1 0  9998
2 44057  87.9249 350.5963 0002021  78.6230 176.6106 13.21820706 52153
1 44057U 19010A   20088.91667824 -.00034527 +00000-0 -83949-1 0  9999
2 44057 087.9248 350.4635 0001947 078.1921 107.5715 13.21827765001734
1 44057U 19010A   20089.25001157 -.00006167  00000-0 -14975-1 0  9990
2 44057  87.9249 350.3971 0002004  77.8365 253.1894 13.21822031 52283
1 44057U 19010A   20089.83334491 -.00043764 +00000-0 -10649+0 0  9990
2 44057 087.9250 350.2811 0001963 078.3318 146.9058 13.21838820001721
1 44057U 19010A   20090.25001157 -.00011503 +00000-0 -27919-1 0  9994
2 44057 087.9251 350.1978 0002006 076.9636 329.8601 13.21826072001745
1 44057U 19010A   20090.41668981 -.00032299  00000-0 -78514-1 0  9998
2 44057  87.9251 350.1651 0002049  78.3461  41.1703 13.21828734 52449
1 44057U 19010A   20090.91667824 -.00030753  00000-0 -74743-1 0  9991
2 44057  87.9251 350.0649 0001955  77.5039 259.8596 13.21828638 52500
1 44057U 19010A   20091.00001157 +.00010688 +00000-0 +25824-1 0  9992
2 44057 087.9251 350.0482 0001970 077.6365 296.0515 13.21806439001766
1 44057U 19010A   20091.91667824 -.00030089 +00000-0 -73126-1 0  9998
2 44057 087.9249 349.8656 0001940 077.8618 335.3063 13.21827044001728